label,node_label,node_storey,node_space,node_cell,node_user,node_furniture,node_fan,co2_sensing,humidity_sensing,light_sensing,noise_sensing,temperature_sensing,voc_sensing,clo,heartRate_cozie,responseSpeed_cozie,area,occupancy,x,y
"[1, 0, 0, 0, 0, 0, 0, 0, 0]",STOREY-3,1,0,0,0,0,0,0,0,0,0,0,0,0,0,0,0,0,0,0
"[0, 1, 0, 0, 0, 0, 0, 0, 0]",OPEN_EXHIBITION_SPACE_2,0,1,0,0,0,0,0,0,0,0,0,0,0,0,0,8155,200,0,0
"[0, 1, 0, 0, 0, 0, 0, 0, 0]",ENERGY_LAB_1,0,1,0,0,0,0,0,0,0,0,0,0,0,0,0,1507.9,30,0,0
"[0, 1, 0, 0, 0, 0, 0, 0, 0]",OUTSIDE_RESTROOM,0,1,0,0,0,0,0,0,0,0,0,0,0,0,0,645.47,10,0,0
"[0, 1, 0, 0, 0, 0, 0, 0, 0]",CAFE,0,1,0,0,0,0,0,0,0,0,0,0,0,0,0,980,8,0,0
"[0, 1, 0, 0, 0, 0, 0, 0, 0]",BEEHUB_NEXUS,0,1,0,0,0,0,0,0,0,0,0,0,0,0,0,250.94,15,0,0
"[0, 0, 1, 0, 0, 0, 0, 0, 0]",c_0,0,0,1,0,0,0,0,0,0,0,0,0,0,0,0,0,0,123.2468491,47.27581024
"[0, 0, 1, 0, 0, 0, 0, 0, 0]",c_1,0,0,1,0,0,0,0,0,0,0,0,0,0,0,0,0,0,121.5928802,49.43925095
"[0, 0, 1, 0, 0, 0, 0, 0, 0]",c_2,0,0,1,0,0,0,0,0,0,0,0,0,0,0,0,0,0,122.8850403,52.07520294
"[0, 0, 1, 0, 0, 0, 0, 0, 0]",c_3,0,0,1,0,0,0,0,0,0,0,0,0,0,0,0,0,0,125.4693909,53.3895874
"[0, 0, 1, 0, 0, 0, 0, 0, 0]",c_4,0,0,1,0,0,0,0,0,0,0,0,0,0,0,0,0,0,127.5885544,51.70344162
"[0, 0, 1, 0, 0, 0, 0, 0, 0]",c_5,0,0,1,0,0,0,0,0,0,0,0,0,0,0,0,0,0,127.5368652,47.32857513
"[0, 0, 1, 0, 0, 0, 0, 0, 0]",c_6,0,0,1,0,0,0,0,0,0,0,0,0,0,0,0,0,0,127.5368652,41.94635773
"[0, 0, 1, 0, 0, 0, 0, 0, 0]",c_7,0,0,1,0,0,0,0,0,0,0,0,0,0,0,0,0,0,122.4198608,41.59017944
"[0, 0, 1, 0, 0, 0, 0, 0, 0]",c_8,0,0,1,0,0,0,0,0,0,0,0,0,0,0,0,0,0,121.5928802,45.00683594
"[0, 0, 1, 0, 0, 0, 0, 0, 0]",c_9,0,0,1,0,0,0,0,0,0,0,0,0,0,0,0,0,0,127.5368652,36.56414032
"[0, 0, 1, 0, 0, 0, 0, 0, 0]",c_10,0,0,1,0,0,0,0,0,0,0,0,0,0,0,0,0,0,122.4198608,36.9203186
"[0, 0, 1, 0, 0, 0, 0, 0, 0]",c_11,0,0,1,0,0,0,0,0,0,0,0,0,0,0,0,0,0,127.5368652,31.18192291
"[0, 0, 1, 0, 0, 0, 0, 0, 0]",c_12,0,0,1,0,0,0,0,0,0,0,0,0,0,0,0,0,0,123.2468491,31.23469162
"[0, 0, 1, 0, 0, 0, 0, 0, 0]",c_13,0,0,1,0,0,0,0,0,0,0,0,0,0,0,0,0,0,121.5928802,33.50366592
"[0, 0, 1, 0, 0, 0, 0, 0, 0]",c_14,0,0,1,0,0,0,0,0,0,0,0,0,0,0,0,0,0,126.6398849,25.95800781
"[0, 0, 1, 0, 0, 0, 0, 0, 0]",c_15,0,0,1,0,0,0,0,0,0,0,0,0,0,0,0,0,0,122.8826523,26.4329071
"[0, 0, 1, 0, 0, 0, 0, 0, 0]",c_16,0,0,1,0,0,0,0,0,0,0,0,0,0,0,0,0,0,121.5928802,29.07124901
"[0, 0, 1, 0, 0, 0, 0, 0, 0]",c_17,0,0,1,0,0,0,0,0,0,0,0,0,0,0,0,0,0,129.8110962,53.38480377
"[0, 0, 1, 0, 0, 0, 0, 0, 0]",c_18,0,0,1,0,0,0,0,0,0,0,0,0,0,0,0,0,0,132.3954315,51.70104599
"[0, 0, 1, 0, 0, 0, 0, 0, 0]",c_19,0,0,1,0,0,0,0,0,0,0,0,0,0,0,0,0,0,132.8089294,47.32857513
"[0, 0, 1, 0, 0, 0, 0, 0, 0]",c_20,0,0,1,0,0,0,0,0,0,0,0,0,0,0,0,0,0,132.8089294,41.94635773
"[0, 0, 1, 0, 0, 0, 0, 0, 0]",c_21,0,0,1,0,0,0,0,0,0,0,0,0,0,0,0,0,0,132.8089294,36.56414032
"[0, 0, 1, 0, 0, 0, 0, 0, 0]",c_22,0,0,1,0,0,0,0,0,0,0,0,0,0,0,0,0,0,132.8089294,31.18192291
"[0, 0, 1, 0, 0, 0, 0, 0, 0]",c_23,0,0,1,0,0,0,0,0,0,0,0,0,0,0,0,0,0,133.1452484,25.95800591
"[0, 0, 1, 0, 0, 0, 0, 0, 0]",c_24,0,0,1,0,0,0,0,0,0,0,0,0,0,0,0,0,0,129.7991333,25.11373711
"[0, 0, 1, 0, 0, 0, 0, 0, 0]",c_25,0,0,1,0,0,0,0,0,0,0,0,0,0,0,0,0,0,134.1528015,53.38001633
"[0, 0, 1, 0, 0, 0, 0, 0, 0]",c_26,0,0,1,0,0,0,0,0,0,0,0,0,0,0,0,0,0,136.7371368,53.37523651
"[0, 0, 1, 0, 0, 0, 0, 0, 0]",c_27,0,0,1,0,0,0,0,0,0,0,0,0,0,0,0,0,0,138.4944763,51.69625854
"[0, 0, 1, 0, 0, 0, 0, 0, 0]",c_28,0,0,1,0,0,0,0,0,0,0,0,0,0,0,0,0,0,138.0809784,47.32857513
"[0, 0, 1, 0, 0, 0, 0, 0, 0]",c_29,0,0,1,0,0,0,0,0,0,0,0,0,0,0,0,0,0,138.0809784,41.94635773
"[0, 0, 1, 0, 0, 0, 0, 0, 0]",c_30,0,0,1,0,0,0,0,0,0,0,0,0,0,0,0,0,0,138.0809784,36.56414032
"[0, 0, 1, 0, 0, 0, 0, 0, 0]",c_31,0,0,1,0,0,0,0,0,0,0,0,0,0,0,0,0,0,138.0809784,31.18192291
"[0, 0, 1, 0, 0, 0, 0, 0, 0]",c_32,0,0,1,0,0,0,0,0,0,0,0,0,0,0,0,0,0,137.7159576,25.95800781
"[0, 0, 1, 0, 0, 0, 0, 0, 0]",c_33,0,0,1,0,0,0,0,0,0,0,0,0,0,0,0,0,0,141.0788269,53.37044907
"[0, 0, 1, 0, 0, 0, 0, 0, 0]",c_34,0,0,1,0,0,0,0,0,0,0,0,0,0,0,0,0,0,143.3013611,51.69387054
"[0, 0, 1, 0, 0, 0, 0, 0, 0]",c_35,0,0,1,0,0,0,0,0,0,0,0,0,0,0,0,0,0,143.3530426,47.32857513
"[0, 0, 1, 0, 0, 0, 0, 0, 0]",c_36,0,0,1,0,0,0,0,0,0,0,0,0,0,0,0,0,0,143.3530426,41.94635773
"[0, 0, 1, 0, 0, 0, 0, 0, 0]",c_37,0,0,1,0,0,0,0,0,0,0,0,0,0,0,0,0,0,143.3530426,36.56414032
"[0, 0, 1, 0, 0, 0, 0, 0, 0]",c_38,0,0,1,0,0,0,0,0,0,0,0,0,0,0,0,0,0,143.3530426,31.18192291
"[0, 0, 1, 0, 0, 0, 0, 0, 0]",c_39,0,0,1,0,0,0,0,0,0,0,0,0,0,0,0,0,0,144.2213287,25.95800781
"[0, 0, 1, 0, 0, 0, 0, 0, 0]",c_40,0,0,1,0,0,0,0,0,0,0,0,0,0,0,0,0,0,141.0525208,25.11373711
"[0, 0, 1, 0, 0, 0, 0, 0, 0]",c_41,0,0,1,0,0,0,0,0,0,0,0,0,0,0,0,0,0,145.4205322,53.36566162
"[0, 0, 1, 0, 0, 0, 0, 0, 0]",c_42,0,0,1,0,0,0,0,0,0,0,0,0,0,0,0,0,0,148.0024872,52.0440979
"[0, 0, 1, 0, 0, 0, 0, 0, 0]",c_43,0,0,1,0,0,0,0,0,0,0,0,0,0,0,0,0,0,149.289856,49.40814972
"[0, 0, 1, 0, 0, 0, 0, 0, 0]",c_44,0,0,1,0,0,0,0,0,0,0,0,0,0,0,0,0,0,147.6382751,47.26145554
"[0, 0, 1, 0, 0, 0, 0, 0, 0]",c_45,0,0,1,0,0,0,0,0,0,0,0,0,0,0,0,0,0,149.28508,44.98052216
"[0, 0, 1, 0, 0, 0, 0, 0, 0]",c_46,0,0,1,0,0,0,0,0,0,0,0,0,0,0,0,0,0,147.6358948,42.35653305
"[0, 0, 1, 0, 0, 0, 0, 0, 0]",c_47,0,0,1,0,0,0,0,0,0,0,0,0,0,0,0,0,0,149.280304,40.55288696
"[0, 0, 1, 0, 0, 0, 0, 0, 0]",c_48,0,0,1,0,0,0,0,0,0,0,0,0,0,0,0,0,0,149.2755127,37.91933441
"[0, 0, 1, 0, 0, 0, 0, 0, 0]",c_49,0,0,1,0,0,0,0,0,0,0,0,0,0,0,0,0,0,147.6311035,36.13483047
"[0, 0, 1, 0, 0, 0, 0, 0, 0]",c_50,0,0,1,0,0,0,0,0,0,0,0,0,0,0,0,0,0,149.2707367,33.49170685
"[0, 0, 1, 0, 0, 0, 0, 0, 0]",c_51,0,0,1,0,0,0,0,0,0,0,0,0,0,0,0,0,0,147.6287079,31.22990417
"[0, 0, 1, 0, 0, 0, 0, 0, 0]",c_52,0,0,1,0,0,0,0,0,0,0,0,0,0,0,0,0,0,149.2659454,29.06407166
"[0, 0, 1, 0, 0, 0, 0, 0, 0]",c_53,0,0,1,0,0,0,0,0,0,0,0,0,0,0,0,0,0,147.9713745,26.4305172
"[0, 0, 1, 0, 0, 0, 0, 0, 0]",c_55,0,0,1,0,0,0,0,0,0,0,0,0,0,0,0,0,0,121.2286682,24.74436951
"[0, 0, 1, 0, 0, 0, 0, 0, 0]",c_65,0,0,1,0,0,0,0,0,0,0,0,0,0,0,0,0,0,121.2310638,53.76374054
"[0, 0, 1, 0, 0, 0, 0, 0, 0]",c_66,0,0,1,0,0,0,0,0,0,0,0,0,0,0,0,0,0,149.6062317,24.74197769
"[0, 0, 1, 0, 0, 0, 0, 0, 0]",c_76,0,0,1,0,0,0,0,0,0,0,0,0,0,0,0,0,0,164.3639832,46.91493988
"[0, 0, 1, 0, 0, 0, 0, 0, 0]",c_77,0,0,1,0,0,0,0,0,0,0,0,0,0,0,0,0,0,162.6252441,49.03281784
"[0, 0, 1, 0, 0, 0, 0, 0, 0]",c_78,0,0,1,0,0,0,0,0,0,0,0,0,0,0,0,0,0,162.6252441,51.71762848
"[0, 0, 1, 0, 0, 0, 0, 0, 0]",c_79,0,0,1,0,0,0,0,0,0,0,0,0,0,0,0,0,0,164.3639832,55.35647202
"[0, 0, 1, 0, 0, 0, 0, 0, 0]",c_80,0,0,1,0,0,0,0,0,0,0,0,0,0,0,0,0,0,167.4164429,55.86021042
"[0, 0, 1, 0, 0, 0, 0, 0, 0]",c_81,0,0,1,0,0,0,0,0,0,0,0,0,0,0,0,0,0,168.7335815,52.8939209
"[0, 0, 1, 0, 0, 0, 0, 0, 0]",c_82,0,0,1,0,0,0,0,0,0,0,0,0,0,0,0,0,0,169.2672577,50.84880829
"[0, 0, 1, 0, 0, 0, 0, 0, 0]",c_83,0,0,1,0,0,0,0,0,0,0,0,0,0,0,0,0,0,168.8738098,47.0989151
"[0, 0, 1, 0, 0, 0, 0, 0, 0]",c_84,0,0,1,0,0,0,0,0,0,0,0,0,0,0,0,0,0,168.8738098,41.3421936
"[0, 0, 1, 0, 0, 0, 0, 0, 0]",c_85,0,0,1,0,0,0,0,0,0,0,0,0,0,0,0,0,0,163.4946136,40.92417145
"[0, 0, 1, 0, 0, 0, 0, 0, 0]",c_86,0,0,1,0,0,0,0,0,0,0,0,0,0,0,0,0,0,162.6252441,44.42910004
"[0, 0, 1, 0, 0, 0, 0, 0, 0]",c_87,0,0,1,0,0,0,0,0,0,0,0,0,0,0,0,0,0,168.8738098,35.58547211
"[0, 0, 1, 0, 0, 0, 0, 0, 0]",c_88,0,0,1,0,0,0,0,0,0,0,0,0,0,0,0,0,0,163.4946136,36.03219986
"[0, 0, 1, 0, 0, 0, 0, 0, 0]",c_89,0,0,1,0,0,0,0,0,0,0,0,0,0,0,0,0,0,168.8738098,29.82874489
"[0, 0, 1, 0, 0, 0, 0, 0, 0]",c_90,0,0,1,0,0,0,0,0,0,0,0,0,0,0,0,0,0,164.3639832,30.03186607
"[0, 0, 1, 0, 0, 0, 0, 0, 0]",c_91,0,0,1,0,0,0,0,0,0,0,0,0,0,0,0,0,0,162.6252441,32.53684235
"[0, 0, 1, 0, 0, 0, 0, 0, 0]",c_92,0,0,1,0,0,0,0,0,0,0,0,0,0,0,0,0,0,168.8738098,24.07202148
"[0, 0, 1, 0, 0, 0, 0, 0, 0]",c_93,0,0,1,0,0,0,0,0,0,0,0,0,0,0,0,0,0,163.4946136,24.23464584
"[0, 0, 1, 0, 0, 0, 0, 0, 0]",c_94,0,0,1,0,0,0,0,0,0,0,0,0,0,0,0,0,0,162.6252441,27.93312454
"[0, 0, 1, 0, 0, 0, 0, 0, 0]",c_95,0,0,1,0,0,0,0,0,0,0,0,0,0,0,0,0,0,168.8738098,18.31529617
"[0, 0, 1, 0, 0, 0, 0, 0, 0]",c_96,0,0,1,0,0,0,0,0,0,0,0,0,0,0,0,0,0,164.3639832,18.32901382
"[0, 0, 1, 0, 0, 0, 0, 0, 0]",c_97,0,0,1,0,0,0,0,0,0,0,0,0,0,0,0,0,0,162.6252441,20.64459038
"[0, 0, 1, 0, 0, 0, 0, 0, 0]",c_98,0,0,1,0,0,0,0,0,0,0,0,0,0,0,0,0,0,168.9281464,13.72050858
"[0, 0, 1, 0, 0, 0, 0, 0, 0]",c_99,0,0,1,0,0,0,0,0,0,0,0,0,0,0,0,0,0,166.7004089,12.00647545
"[0, 0, 1, 0, 0, 0, 0, 0, 0]",c_100,0,0,1,0,0,0,0,0,0,0,0,0,0,0,0,0,0,163.9836273,13.35366631
"[0, 0, 1, 0, 0, 0, 0, 0, 0]",c_101,0,0,1,0,0,0,0,0,0,0,0,0,0,0,0,0,0,162.6252441,16.04087067
"[0, 0, 1, 0, 0, 0, 0, 0, 0]",c_102,0,0,1,0,0,0,0,0,0,0,0,0,0,0,0,0,0,171.8848877,51.7203331
"[0, 0, 1, 0, 0, 0, 0, 0, 0]",c_103,0,0,1,0,0,0,0,0,0,0,0,0,0,0,0,0,0,174.2625427,50.84880829
"[0, 0, 1, 0, 0, 0, 0, 0, 0]",c_104,0,0,1,0,0,0,0,0,0,0,0,0,0,0,0,0,0,174.4159851,47.0989151
"[0, 0, 1, 0, 0, 0, 0, 0, 0]",c_105,0,0,1,0,0,0,0,0,0,0,0,0,0,0,0,0,0,174.4159851,41.3421936
"[0, 0, 1, 0, 0, 0, 0, 0, 0]",c_106,0,0,1,0,0,0,0,0,0,0,0,0,0,0,0,0,0,174.4159851,35.58547211
"[0, 0, 1, 0, 0, 0, 0, 0, 0]",c_107,0,0,1,0,0,0,0,0,0,0,0,0,0,0,0,0,0,174.4159851,29.82874489
"[0, 0, 1, 0, 0, 0, 0, 0, 0]",c_108,0,0,1,0,0,0,0,0,0,0,0,0,0,0,0,0,0,174.4159851,24.07202148
"[0, 0, 1, 0, 0, 0, 0, 0, 0]",c_109,0,0,1,0,0,0,0,0,0,0,0,0,0,0,0,0,0,174.4159851,18.31529617
"[0, 0, 1, 0, 0, 0, 0, 0, 0]",c_110,0,0,1,0,0,0,0,0,0,0,0,0,0,0,0,0,0,173.981308,13.71811581
"[0, 0, 1, 0, 0, 0, 0, 0, 0]",c_111,0,0,1,0,0,0,0,0,0,0,0,0,0,0,0,0,0,171.2645569,12.00168991
"[0, 0, 1, 0, 0, 0, 0, 0, 0]",c_112,0,0,1,0,0,0,0,0,0,0,0,0,0,0,0,0,0,176.3332825,51.72033691
"[0, 0, 1, 0, 0, 0, 0, 0, 0]",c_113,0,0,1,0,0,0,0,0,0,0,0,0,0,0,0,0,0,178.9342651,51.72033691
"[0, 0, 1, 0, 0, 0, 0, 0, 0]",c_114,0,0,1,0,0,0,0,0,0,0,0,0,0,0,0,0,0,180.5583191,50.84880829
"[0, 0, 1, 0, 0, 0, 0, 0, 0]",c_115,0,0,1,0,0,0,0,0,0,0,0,0,0,0,0,0,0,179.9581757,47.0989151
"[0, 0, 1, 0, 0, 0, 0, 0, 0]",c_116,0,0,1,0,0,0,0,0,0,0,0,0,0,0,0,0,0,179.9581757,41.3421936
"[0, 0, 1, 0, 0, 0, 0, 0, 0]",c_117,0,0,1,0,0,0,0,0,0,0,0,0,0,0,0,0,0,179.9581757,35.58547211
"[0, 0, 1, 0, 0, 0, 0, 0, 0]",c_118,0,0,1,0,0,0,0,0,0,0,0,0,0,0,0,0,0,179.9581757,29.82874489
"[0, 0, 1, 0, 0, 0, 0, 0, 0]",c_119,0,0,1,0,0,0,0,0,0,0,0,0,0,0,0,0,0,179.9581757,24.07202148
"[0, 0, 1, 0, 0, 0, 0, 0, 0]",c_120,0,0,1,0,0,0,0,0,0,0,0,0,0,0,0,0,0,179.9581757,18.31529617
"[0, 0, 1, 0, 0, 0, 0, 0, 0]",c_121,0,0,1,0,0,0,0,0,0,0,0,0,0,0,0,0,0,180.392868,13.71333218
"[0, 0, 1, 0, 0, 0, 0, 0, 0]",c_122,0,0,1,0,0,0,0,0,0,0,0,0,0,0,0,0,0,178.5454712,11.99212074
"[0, 0, 1, 0, 0, 0, 0, 0, 0]",c_123,0,0,1,0,0,0,0,0,0,0,0,0,0,0,0,0,0,175.8287048,11.99690533
"[0, 0, 1, 0, 0, 0, 0, 0, 0]",c_124,0,0,1,0,0,0,0,0,0,0,0,0,0,0,0,0,0,183.3826599,51.72033691
"[0, 0, 1, 0, 0, 0, 0, 0, 0]",c_125,0,0,1,0,0,0,0,0,0,0,0,0,0,0,0,0,0,185.5536194,50.84880829
"[0, 0, 1, 0, 0, 0, 0, 0, 0]",c_126,0,0,1,0,0,0,0,0,0,0,0,0,0,0,0,0,0,185.5003662,47.0989151
"[0, 0, 1, 0, 0, 0, 0, 0, 0]",c_127,0,0,1,0,0,0,0,0,0,0,0,0,0,0,0,0,0,185.5003662,41.3421936
"[0, 0, 1, 0, 0, 0, 0, 0, 0]",c_128,0,0,1,0,0,0,0,0,0,0,0,0,0,0,0,0,0,185.5003662,35.58547211
"[0, 0, 1, 0, 0, 0, 0, 0, 0]",c_129,0,0,1,0,0,0,0,0,0,0,0,0,0,0,0,0,0,185.5003662,29.82874489
"[0, 0, 1, 0, 0, 0, 0, 0, 0]",c_130,0,0,1,0,0,0,0,0,0,0,0,0,0,0,0,0,0,185.5003662,24.07202148
"[0, 0, 1, 0, 0, 0, 0, 0, 0]",c_131,0,0,1,0,0,0,0,0,0,0,0,0,0,0,0,0,0,185.5003662,18.31529617
"[0, 0, 1, 0, 0, 0, 0, 0, 0]",c_132,0,0,1,0,0,0,0,0,0,0,0,0,0,0,0,0,0,185.4460449,13.71093941
"[0, 0, 1, 0, 0, 0, 0, 0, 0]",c_133,0,0,1,0,0,0,0,0,0,0,0,0,0,0,0,0,0,183.1096191,11.98733711
"[0, 0, 1, 0, 0, 0, 0, 0, 0]",c_134,0,0,1,0,0,0,0,0,0,0,0,0,0,0,0,0,0,187.8310394,51.72033691
"[0, 0, 1, 0, 0, 0, 0, 0, 0]",c_135,0,0,1,0,0,0,0,0,0,0,0,0,0,0,0,0,0,190.4328461,50.3087616
"[0, 0, 1, 0, 0, 0, 0, 0, 0]",c_136,0,0,1,0,0,0,0,0,0,0,0,0,0,0,0,0,0,190.0028076,47.51832581
"[0, 0, 1, 0, 0, 0, 0, 0, 0]",c_137,0,0,1,0,0,0,0,0,0,0,0,0,0,0,0,0,0,191.7349854,45.5667038
"[0, 0, 1, 0, 0, 0, 0, 0, 0]",c_138,0,0,1,0,0,0,0,0,0,0,0,0,0,0,0,0,0,191.736618,42.74355316
"[0, 0, 1, 0, 0, 0, 0, 0, 0]",c_139,0,0,1,0,0,0,0,0,0,0,0,0,0,0,0,0,0,190.0044556,40.85735703
"[0, 0, 1, 0, 0, 0, 0, 0, 0]",c_140,0,0,1,0,0,0,0,0,0,0,0,0,0,0,0,0,0,191.738266,38.00149155
"[0, 0, 1, 0, 0, 0, 0, 0, 0]",c_141,0,0,1,0,0,0,0,0,0,0,0,0,0,0,0,0,0,190.0052795,35.60796738
"[0, 0, 1, 0, 0, 0, 0, 0, 0]",c_142,0,0,1,0,0,0,0,0,0,0,0,0,0,0,0,0,0,191.7399139,33.25943375
"[0, 0, 1, 0, 0, 0, 0, 0, 0]",c_143,0,0,1,0,0,0,0,0,0,0,0,0,0,0,0,0,0,190.0061035,30.35857391
"[0, 0, 1, 0, 0, 0, 0, 0, 0]",c_144,0,0,1,0,0,0,0,0,0,0,0,0,0,0,0,0,0,191.7415466,28.51737213
"[0, 0, 1, 0, 0, 0, 0, 0, 0]",c_145,0,0,1,0,0,0,0,0,0,0,0,0,0,0,0,0,0,191.7431946,25.6942215
"[0, 0, 1, 0, 0, 0, 0, 0, 0]",c_146,0,0,1,0,0,0,0,0,0,0,0,0,0,0,0,0,0,190.0077362,23.69760704
"[0, 0, 1, 0, 0, 0, 0, 0, 0]",c_147,0,0,1,0,0,0,0,0,0,0,0,0,0,0,0,0,0,191.7448425,20.95216179
"[0, 0, 1, 0, 0, 0, 0, 0, 0]",c_148,0,0,1,0,0,0,0,0,0,0,0,0,0,0,0,0,0,190.0085754,18.44821548
"[0, 0, 1, 0, 0, 0, 0, 0, 0]",c_149,0,0,1,0,0,0,0,0,0,0,0,0,0,0,0,0,0,191.74646,16.21010208
"[0, 0, 1, 0, 0, 0, 0, 0, 0]",c_150,0,0,1,0,0,0,0,0,0,0,0,0,0,0,0,0,0,190.38974,13.38934326
"[0, 0, 1, 0, 0, 0, 0, 0, 0]",c_151,0,0,1,0,0,0,0,0,0,0,0,0,0,0,0,0,0,187.6737976,11.98255157
"[0, 0, 1, 0, 0, 0, 0, 0, 0]",c_152,0,0,1,0,0,0,0,0,0,0,0,0,0,0,0,0,0,165.6674652,64.94955444
"[0, 0, 1, 0, 0, 0, 0, 0, 0]",c_153,0,0,1,0,0,0,0,0,0,0,0,0,0,0,0,0,0,167.6990051,63.77414703
"[0, 0, 1, 0, 0, 0, 0, 0, 0]",c_154,0,0,1,0,0,0,0,0,0,0,0,0,0,0,0,0,0,168.7199097,61.42606735
"[0, 0, 1, 0, 0, 0, 0, 0, 0]",c_155,0,0,1,0,0,0,0,0,0,0,0,0,0,0,0,0,0,168.7267456,59.0789032
"[0, 0, 1, 0, 0, 0, 0, 0, 0]",c_156,0,0,1,0,0,0,0,0,0,0,0,0,0,0,0,0,0,162.6252441,58.24025726
"[0, 0, 1, 0, 0, 0, 0, 0, 0]",c_157,0,0,1,0,0,0,0,0,0,0,0,0,0,0,0,0,0,162.6252441,60.92507172
"[0, 0, 1, 0, 0, 0, 0, 0, 0]",c_158,0,0,1,0,0,0,0,0,0,0,0,0,0,0,0,0,0,163.639328,63.60897064
"[0, 0, 1, 0, 0, 0, 0, 0, 0]",c_54,0,0,1,0,0,0,0,0,0,0,0,0,0,0,0,0,0,117.6233215,25.25130844
"[0, 0, 1, 0, 0, 0, 0, 0, 0]",c_56,0,0,1,0,0,0,0,0,0,0,0,0,0,0,0,0,0,121.645752,21.12755013
"[0, 0, 1, 0, 0, 0, 0, 0, 0]",c_57,0,0,1,0,0,0,0,0,0,0,0,0,0,0,0,0,0,118.8122711,20.73354912
"[0, 0, 1, 0, 0, 0, 0, 0, 0]",c_58,0,0,1,0,0,0,0,0,0,0,0,0,0,0,0,0,0,117.6233215,30.08553314
"[0, 0, 1, 0, 0, 0, 0, 0, 0]",c_59,0,0,1,0,0,0,0,0,0,0,0,0,0,0,0,0,0,118.3951874,33.43434143
"[0, 0, 1, 0, 0, 0, 0, 0, 0]",c_60,0,0,1,0,0,0,0,0,0,0,0,0,0,0,0,0,0,117.6233215,36.89851379
"[0, 0, 1, 0, 0, 0, 0, 0, 0]",c_61,0,0,1,0,0,0,0,0,0,0,0,0,0,0,0,0,0,117.6233215,41.73274231
"[0, 0, 1, 0, 0, 0, 0, 0, 0]",c_62,0,0,1,0,0,0,0,0,0,0,0,0,0,0,0,0,0,118.3951874,45.15665817
"[0, 0, 1, 0, 0, 0, 0, 0, 0]",c_63,0,0,1,0,0,0,0,0,0,0,0,0,0,0,0,0,0,117.6233215,48.54572296
"[0, 0, 1, 0, 0, 0, 0, 0, 0]",c_64,0,0,1,0,0,0,0,0,0,0,0,0,0,0,0,0,0,117.6233215,53.37994766
"[0, 0, 1, 0, 0, 0, 0, 0, 0]",c_67,0,0,1,0,0,0,0,0,0,0,0,0,0,0,0,0,0,149.5066986,21.12755013
"[0, 0, 1, 0, 0, 0, 0, 0, 0]",c_68,0,0,1,0,0,0,0,0,0,0,0,0,0,0,0,0,0,147.4487305,18.82990265
"[0, 0, 1, 0, 0, 0, 0, 0, 0]",c_69,0,0,1,0,0,0,0,0,0,0,0,0,0,0,0,0,0,144.9663391,21.12755013
"[0, 0, 1, 0, 0, 0, 0, 0, 0]",c_70,0,0,1,0,0,0,0,0,0,0,0,0,0,0,0,0,0,141.4994202,19.97872543
"[0, 0, 1, 0, 0, 0, 0, 0, 0]",c_71,0,0,1,0,0,0,0,0,0,0,0,0,0,0,0,0,0,136.6235352,19.97872543
"[0, 0, 1, 0, 0, 0, 0, 0, 0]",c_72,0,0,1,0,0,0,0,0,0,0,0,0,0,0,0,0,0,133.3060455,21.12755013
"[0, 0, 1, 0, 0, 0, 0, 0, 0]",c_73,0,0,1,0,0,0,0,0,0,0,0,0,0,0,0,0,0,130.7264862,21.12755013
"[0, 0, 1, 0, 0, 0, 0, 0, 0]",c_74,0,0,1,0,0,0,0,0,0,0,0,0,0,0,0,0,0,127.274231,18.82990265
"[0, 0, 1, 0, 0, 0, 0, 0, 0]",c_75,0,0,1,0,0,0,0,0,0,0,0,0,0,0,0,0,0,124.2253265,21.12755013
"[0, 0, 1, 0, 0, 0, 0, 0, 0]",c_159,0,0,1,0,0,0,0,0,0,0,0,0,0,0,0,0,0,49.46294403,47.98865891
"[0, 0, 1, 0, 0, 0, 0, 0, 0]",c_160,0,0,1,0,0,0,0,0,0,0,0,0,0,0,0,0,0,51.5817337,48.8942337
"[0, 0, 1, 0, 0, 0, 0, 0, 0]",c_161,0,0,1,0,0,0,0,0,0,0,0,0,0,0,0,0,0,53.54253387,46.99058533
"[0, 0, 1, 0, 0, 0, 0, 0, 0]",c_162,0,0,1,0,0,0,0,0,0,0,0,0,0,0,0,0,0,53.21744537,43.66911316
"[0, 0, 1, 0, 0, 0, 0, 0, 0]",c_163,0,0,1,0,0,0,0,0,0,0,0,0,0,0,0,0,0,50.71612549,42.94050217
"[0, 0, 1, 0, 0, 0, 0, 0, 0]",c_164,0,0,1,0,0,0,0,0,0,0,0,0,0,0,0,0,0,48.32448578,44.31893539
"[0, 0, 1, 0, 0, 0, 0, 0, 0]",c_165,0,0,1,0,0,0,0,0,0,0,0,0,0,0,0,0,0,47.72660446,46.04561615
"[0, 0, 1, 0, 0, 0, 0, 0, 0]",c_166,0,0,1,0,0,0,0,0,0,0,0,0,0,0,0,0,0,48.9224968,50.02419281
"[0, 0, 1, 0, 0, 0, 0, 0, 0]",c_167,0,0,1,0,0,0,0,0,0,0,0,0,0,0,0,0,0,50.26508331,52.03000641
"[0, 0, 1, 0, 0, 0, 0, 0, 0]",c_168,0,0,1,0,0,0,0,0,0,0,0,0,0,0,0,0,0,51.29572678,52.84994125
"[0, 0, 1, 0, 0, 0, 0, 0, 0]",c_169,0,0,1,0,0,0,0,0,0,0,0,0,0,0,0,0,0,52.07193756,51.74970245
"[0, 0, 1, 0, 0, 0, 0, 0, 0]",c_170,0,0,1,0,0,0,0,0,0,0,0,0,0,0,0,0,0,59.42493439,13.67678642
"[0, 0, 1, 0, 0, 0, 0, 0, 0]",c_171,0,0,1,0,0,0,0,0,0,0,0,0,0,0,0,0,0,53.54253387,13.67678642
"[0, 0, 1, 0, 0, 0, 0, 0, 0]",c_172,0,0,1,0,0,0,0,0,0,0,0,0,0,0,0,0,0,53.07253647,18.14191246
"[0, 0, 1, 0, 0, 0, 0, 0, 0]",c_173,0,0,1,0,0,0,0,0,0,0,0,0,0,0,0,0,0,55.03333664,20.04555893
"[0, 0, 1, 0, 0, 0, 0, 0, 0]",c_174,0,0,1,0,0,0,0,0,0,0,0,0,0,0,0,0,0,59.42493439,19.38772392
"[0, 0, 1, 0, 0, 0, 0, 0, 0]",c_175,0,0,1,0,0,0,0,0,0,0,0,0,0,0,0,0,0,53.6119194,22.95336151
"[0, 0, 1, 0, 0, 0, 0, 0, 0]",c_176,0,0,1,0,0,0,0,0,0,0,0,0,0,0,0,0,0,55.06231689,25.15099907
"[0, 0, 1, 0, 0, 0, 0, 0, 0]",c_177,0,0,1,0,0,0,0,0,0,0,0,0,0,0,0,0,0,59.42493439,25.09866142
"[0, 0, 1, 0, 0, 0, 0, 0, 0]",c_178,0,0,1,0,0,0,0,0,0,0,0,0,0,0,0,0,0,53.66988373,27.4533062
"[0, 0, 1, 0, 0, 0, 0, 0, 0]",c_179,0,0,1,0,0,0,0,0,0,0,0,0,0,0,0,0,0,55.09130096,30.2564373
"[0, 0, 1, 0, 0, 0, 0, 0, 0]",c_180,0,0,1,0,0,0,0,0,0,0,0,0,0,0,0,0,0,59.42493439,30.80959702
"[0, 0, 1, 0, 0, 0, 0, 0, 0]",c_181,0,0,1,0,0,0,0,0,0,0,0,0,0,0,0,0,0,53.72784424,31.95324707
"[0, 0, 1, 0, 0, 0, 0, 0, 0]",c_182,0,0,1,0,0,0,0,0,0,0,0,0,0,0,0,0,0,53.78580856,34.54954529
"[0, 0, 1, 0, 0, 0, 0, 0, 0]",c_183,0,0,1,0,0,0,0,0,0,0,0,0,0,0,0,0,0,55.14926147,36.66002655
"[0, 0, 1, 0, 0, 0, 0, 0, 0]",c_184,0,0,1,0,0,0,0,0,0,0,0,0,0,0,0,0,0,59.42493439,36.52053452
"[0, 0, 1, 0, 0, 0, 0, 0, 0]",c_185,0,0,1,0,0,0,0,0,0,0,0,0,0,0,0,0,0,53.84377289,39.04949188
"[0, 0, 1, 0, 0, 0, 0, 0, 0]",c_186,0,0,1,0,0,0,0,0,0,0,0,0,0,0,0,0,0,55.17824554,41.7654686
"[0, 0, 1, 0, 0, 0, 0, 0, 0]",c_187,0,0,1,0,0,0,0,0,0,0,0,0,0,0,0,0,0,59.42493439,42.23147202
"[0, 0, 1, 0, 0, 0, 0, 0, 0]",c_188,0,0,1,0,0,0,0,0,0,0,0,0,0,0,0,0,0,59.42493439,47.94240952
"[0, 0, 1, 0, 0, 0, 0, 0, 0]",c_189,0,0,1,0,0,0,0,0,0,0,0,0,0,0,0,0,0,55.50333786,48.8942337
"[0, 0, 1, 0, 0, 0, 0, 0, 0]",c_190,0,0,1,0,0,0,0,0,0,0,0,0,0,0,0,0,0,55.01313782,52.22561264
"[0, 0, 1, 0, 0, 0, 0, 0, 0]",c_191,0,0,1,0,0,0,0,0,0,0,0,0,0,0,0,0,0,58.4445343,51.74970245
"[0, 0, 1, 0, 0, 0, 0, 0, 0]",c_192,0,0,1,0,0,0,0,0,0,0,0,0,0,0,0,0,0,55.01313782,57.93655014
"[0, 0, 1, 0, 0, 0, 0, 0, 0]",c_193,0,0,1,0,0,0,0,0,0,0,0,0,0,0,0,0,0,58.4445343,57.46063995
"[0, 0, 1, 0, 0, 0, 0, 0, 0]",c_194,0,0,1,0,0,0,0,0,0,0,0,0,0,0,0,0,0,58.4445343,55.55699158
"[0, 0, 1, 0, 0, 0, 0, 0, 0]",c_195,0,0,1,0,0,0,0,0,0,0,0,0,0,0,0,0,0,55.50333786,55.08108139
"[0, 0, 1, 0, 0, 0, 0, 0, 0]",c_196,0,0,1,0,0,0,0,0,0,0,0,0,0,0,0,0,0,54.52293396,56.03290558
"[0, 0, 1, 0, 0, 0, 0, 0, 0]",c_197,0,0,1,0,0,0,0,0,0,0,0,0,0,0,0,0,0,55.50333786,64.12340546
"[0, 0, 1, 0, 0, 0, 0, 0, 0]",c_198,0,0,1,0,0,0,0,0,0,0,0,0,0,0,0,0,0,59.42493439,65.07522583
"[0, 0, 1, 0, 0, 0, 0, 0, 0]",c_199,0,0,1,0,0,0,0,0,0,0,0,0,0,0,0,0,0,58.4445343,61.26792908
"[0, 0, 1, 0, 0, 0, 0, 0, 0]",c_200,0,0,1,0,0,0,0,0,0,0,0,0,0,0,0,0,0,55.01313782,60.79201889
"[0, 0, 1, 0, 0, 0, 0, 0, 0]",c_201,0,0,1,0,0,0,0,0,0,0,0,0,0,0,0,0,0,53.74672699,65.60570526
"[0, 0, 1, 0, 0, 0, 0, 0, 0]",c_202,0,0,1,0,0,0,0,0,0,0,0,0,0,0,0,0,0,52.7663269,67.50935364
"[0, 0, 1, 0, 0, 0, 0, 0, 0]",c_203,0,0,1,0,0,0,0,0,0,0,0,0,0,0,0,0,0,53.54253387,70.78616333
"[0, 0, 1, 0, 0, 0, 0, 0, 0]",c_204,0,0,1,0,0,0,0,0,0,0,0,0,0,0,0,0,0,59.42493439,70.78616333
"[0, 0, 1, 0, 0, 0, 0, 0, 0]",c_205,0,0,1,0,0,0,0,0,0,0,0,0,0,0,0,0,0,65.3073349,19.38772392
"[0, 0, 1, 0, 0, 0, 0, 0, 0]",c_206,0,0,1,0,0,0,0,0,0,0,0,0,0,0,0,0,0,65.3073349,13.67678642
"[0, 0, 1, 0, 0, 0, 0, 0, 0]",c_207,0,0,1,0,0,0,0,0,0,0,0,0,0,0,0,0,0,65.3073349,25.09866142
"[0, 0, 1, 0, 0, 0, 0, 0, 0]",c_208,0,0,1,0,0,0,0,0,0,0,0,0,0,0,0,0,0,65.3073349,30.80959702
"[0, 0, 1, 0, 0, 0, 0, 0, 0]",c_209,0,0,1,0,0,0,0,0,0,0,0,0,0,0,0,0,0,65.3073349,36.52053452
"[0, 0, 1, 0, 0, 0, 0, 0, 0]",c_210,0,0,1,0,0,0,0,0,0,0,0,0,0,0,0,0,0,65.3073349,42.23147202
"[0, 0, 1, 0, 0, 0, 0, 0, 0]",c_211,0,0,1,0,0,0,0,0,0,0,0,0,0,0,0,0,0,65.3073349,47.94240952
"[0, 0, 1, 0, 0, 0, 0, 0, 0]",c_212,0,0,1,0,0,0,0,0,0,0,0,0,0,0,0,0,0,60.40533447,53.65334702
"[0, 0, 1, 0, 0, 0, 0, 0, 0]",c_213,0,0,1,0,0,0,0,0,0,0,0,0,0,0,0,0,0,65.3073349,53.65334702
"[0, 0, 1, 0, 0, 0, 0, 0, 0]",c_214,0,0,1,0,0,0,0,0,0,0,0,0,0,0,0,0,0,60.40533447,59.36428452
"[0, 0, 1, 0, 0, 0, 0, 0, 0]",c_215,0,0,1,0,0,0,0,0,0,0,0,0,0,0,0,0,0,65.3073349,59.36428452
"[0, 0, 1, 0, 0, 0, 0, 0, 0]",c_216,0,0,1,0,0,0,0,0,0,0,0,0,0,0,0,0,0,65.3073349,65.07522583
"[0, 0, 1, 0, 0, 0, 0, 0, 0]",c_217,0,0,1,0,0,0,0,0,0,0,0,0,0,0,0,0,0,63.32497406,71.74769592
"[0, 0, 1, 0, 0, 0, 0, 0, 0]",c_218,0,0,1,0,0,0,0,0,0,0,0,0,0,0,0,0,0,65.28577423,69.84404755
"[0, 0, 1, 0, 0, 0, 0, 0, 0]",c_219,0,0,1,0,0,0,0,0,0,0,0,0,0,0,0,0,0,71.18973541,19.38772392
"[0, 0, 1, 0, 0, 0, 0, 0, 0]",c_220,0,0,1,0,0,0,0,0,0,0,0,0,0,0,0,0,0,71.18973541,13.67678642
"[0, 0, 1, 0, 0, 0, 0, 0, 0]",c_221,0,0,1,0,0,0,0,0,0,0,0,0,0,0,0,0,0,71.18973541,25.09866142
"[0, 0, 1, 0, 0, 0, 0, 0, 0]",c_222,0,0,1,0,0,0,0,0,0,0,0,0,0,0,0,0,0,71.18973541,30.80959702
"[0, 0, 1, 0, 0, 0, 0, 0, 0]",c_223,0,0,1,0,0,0,0,0,0,0,0,0,0,0,0,0,0,71.18973541,36.52053452
"[0, 0, 1, 0, 0, 0, 0, 0, 0]",c_224,0,0,1,0,0,0,0,0,0,0,0,0,0,0,0,0,0,71.18973541,42.23147202
"[0, 0, 1, 0, 0, 0, 0, 0, 0]",c_225,0,0,1,0,0,0,0,0,0,0,0,0,0,0,0,0,0,71.18973541,47.94240952
"[0, 0, 1, 0, 0, 0, 0, 0, 0]",c_226,0,0,1,0,0,0,0,0,0,0,0,0,0,0,0,0,0,71.18973541,53.65334702
"[0, 0, 1, 0, 0, 0, 0, 0, 0]",c_227,0,0,1,0,0,0,0,0,0,0,0,0,0,0,0,0,0,71.18973541,59.36428452
"[0, 0, 1, 0, 0, 0, 0, 0, 0]",c_228,0,0,1,0,0,0,0,0,0,0,0,0,0,0,0,0,0,71.18973541,65.07522583
"[0, 0, 1, 0, 0, 0, 0, 0, 0]",c_229,0,0,1,0,0,0,0,0,0,0,0,0,0,0,0,0,0,67.63017273,71.74917603
"[0, 0, 1, 0, 0, 0, 0, 0, 0]",c_230,0,0,1,0,0,0,0,0,0,0,0,0,0,0,0,0,0,70.59294128,69.83583069
"[0, 0, 1, 0, 0, 0, 0, 0, 0]",c_231,0,0,1,0,0,0,0,0,0,0,0,0,0,0,0,0,0,77.07213593,19.38772392
"[0, 0, 1, 0, 0, 0, 0, 0, 0]",c_232,0,0,1,0,0,0,0,0,0,0,0,0,0,0,0,0,0,77.07213593,13.67678642
"[0, 0, 1, 0, 0, 0, 0, 0, 0]",c_233,0,0,1,0,0,0,0,0,0,0,0,0,0,0,0,0,0,77.07213593,25.09866142
"[0, 0, 1, 0, 0, 0, 0, 0, 0]",c_234,0,0,1,0,0,0,0,0,0,0,0,0,0,0,0,0,0,77.07213593,30.80959702
"[0, 0, 1, 0, 0, 0, 0, 0, 0]",c_235,0,0,1,0,0,0,0,0,0,0,0,0,0,0,0,0,0,77.07213593,36.52053452
"[0, 0, 1, 0, 0, 0, 0, 0, 0]",c_236,0,0,1,0,0,0,0,0,0,0,0,0,0,0,0,0,0,77.07213593,42.23147202
"[0, 0, 1, 0, 0, 0, 0, 0, 0]",c_237,0,0,1,0,0,0,0,0,0,0,0,0,0,0,0,0,0,77.07213593,47.94240952
"[0, 0, 1, 0, 0, 0, 0, 0, 0]",c_238,0,0,1,0,0,0,0,0,0,0,0,0,0,0,0,0,0,77.07213593,53.65334702
"[0, 0, 1, 0, 0, 0, 0, 0, 0]",c_239,0,0,1,0,0,0,0,0,0,0,0,0,0,0,0,0,0,77.07213593,59.36428452
"[0, 0, 1, 0, 0, 0, 0, 0, 0]",c_240,0,0,1,0,0,0,0,0,0,0,0,0,0,0,0,0,0,77.07213593,65.07522583
"[0, 0, 1, 0, 0, 0, 0, 0, 0]",c_241,0,0,1,0,0,0,0,0,0,0,0,0,0,0,0,0,0,72.36209869,71.73273468
"[0, 0, 1, 0, 0, 0, 0, 0, 0]",c_242,0,0,1,0,0,0,0,0,0,0,0,0,0,0,0,0,0,73.84347534,74.64759827
"[0, 0, 1, 0, 0, 0, 0, 0, 0]",c_243,0,0,1,0,0,0,0,0,0,0,0,0,0,0,0,0,0,76.09173584,73.64163208
"[0, 0, 1, 0, 0, 0, 0, 0, 0]",c_244,0,0,1,0,0,0,0,0,0,0,0,0,0,0,0,0,0,78.05253601,69.83434296
"[0, 0, 1, 0, 0, 0, 0, 0, 0]",c_245,0,0,1,0,0,0,0,0,0,0,0,0,0,0,0,0,0,82.95453644,19.38772392
"[0, 0, 1, 0, 0, 0, 0, 0, 0]",c_246,0,0,1,0,0,0,0,0,0,0,0,0,0,0,0,0,0,82.95453644,13.67678642
"[0, 0, 1, 0, 0, 0, 0, 0, 0]",c_247,0,0,1,0,0,0,0,0,0,0,0,0,0,0,0,0,0,82.95453644,25.09866142
"[0, 0, 1, 0, 0, 0, 0, 0, 0]",c_248,0,0,1,0,0,0,0,0,0,0,0,0,0,0,0,0,0,82.95453644,30.80959702
"[0, 0, 1, 0, 0, 0, 0, 0, 0]",c_249,0,0,1,0,0,0,0,0,0,0,0,0,0,0,0,0,0,82.95453644,36.52053452
"[0, 0, 1, 0, 0, 0, 0, 0, 0]",c_250,0,0,1,0,0,0,0,0,0,0,0,0,0,0,0,0,0,82.95453644,42.23147202
"[0, 0, 1, 0, 0, 0, 0, 0, 0]",c_251,0,0,1,0,0,0,0,0,0,0,0,0,0,0,0,0,0,82.95453644,47.94240952
"[0, 0, 1, 0, 0, 0, 0, 0, 0]",c_252,0,0,1,0,0,0,0,0,0,0,0,0,0,0,0,0,0,82.95453644,53.65334702
"[0, 0, 1, 0, 0, 0, 0, 0, 0]",c_253,0,0,1,0,0,0,0,0,0,0,0,0,0,0,0,0,0,82.95453644,59.36428452
"[0, 0, 1, 0, 0, 0, 0, 0, 0]",c_254,0,0,1,0,0,0,0,0,0,0,0,0,0,0,0,0,0,82.95453644,65.07522583
"[0, 0, 1, 0, 0, 0, 0, 0, 0]",c_255,0,0,1,0,0,0,0,0,0,0,0,0,0,0,0,0,0,82.95453644,70.78616333
"[0, 0, 1, 0, 0, 0, 0, 0, 0]",c_256,0,0,1,0,0,0,0,0,0,0,0,0,0,0,0,0,0,78.05253601,77.44892883
"[0, 0, 1, 0, 0, 0, 0, 0, 0]",c_257,0,0,1,0,0,0,0,0,0,0,0,0,0,0,0,0,0,82.95453644,76.49710083
"[0, 0, 1, 0, 0, 0, 0, 0, 0]",c_258,0,0,1,0,0,0,0,0,0,0,0,0,0,0,0,0,0,77.07213593,82.20803833
"[0, 0, 1, 0, 0, 0, 0, 0, 0]",c_259,0,0,1,0,0,0,0,0,0,0,0,0,0,0,0,0,0,82.95453644,82.20803833
"[0, 0, 1, 0, 0, 0, 0, 0, 0]",c_260,0,0,1,0,0,0,0,0,0,0,0,0,0,0,0,0,0,77.32891083,86.66854095
"[0, 0, 1, 0, 0, 0, 0, 0, 0]",c_261,0,0,1,0,0,0,0,0,0,0,0,0,0,0,0,0,0,79.99489594,88.27358246
"[0, 0, 1, 0, 0, 0, 0, 0, 0]",c_262,0,0,1,0,0,0,0,0,0,0,0,0,0,0,0,0,0,83.61332703,87.47105408
"[0, 0, 1, 0, 0, 0, 0, 0, 0]",c_263,0,0,1,0,0,0,0,0,0,0,0,0,0,0,0,0,0,88.83694458,19.38772392
"[0, 0, 1, 0, 0, 0, 0, 0, 0]",c_264,0,0,1,0,0,0,0,0,0,0,0,0,0,0,0,0,0,88.83694458,13.67678642
"[0, 0, 1, 0, 0, 0, 0, 0, 0]",c_265,0,0,1,0,0,0,0,0,0,0,0,0,0,0,0,0,0,88.83694458,25.09866142
"[0, 0, 1, 0, 0, 0, 0, 0, 0]",c_266,0,0,1,0,0,0,0,0,0,0,0,0,0,0,0,0,0,88.83694458,30.80959702
"[0, 0, 1, 0, 0, 0, 0, 0, 0]",c_267,0,0,1,0,0,0,0,0,0,0,0,0,0,0,0,0,0,88.83694458,36.52053452
"[0, 0, 1, 0, 0, 0, 0, 0, 0]",c_268,0,0,1,0,0,0,0,0,0,0,0,0,0,0,0,0,0,88.83694458,42.23147202
"[0, 0, 1, 0, 0, 0, 0, 0, 0]",c_269,0,0,1,0,0,0,0,0,0,0,0,0,0,0,0,0,0,88.83694458,47.94240952
"[0, 0, 1, 0, 0, 0, 0, 0, 0]",c_270,0,0,1,0,0,0,0,0,0,0,0,0,0,0,0,0,0,88.83694458,53.65334702
"[0, 0, 1, 0, 0, 0, 0, 0, 0]",c_271,0,0,1,0,0,0,0,0,0,0,0,0,0,0,0,0,0,88.83694458,59.36428452
"[0, 0, 1, 0, 0, 0, 0, 0, 0]",c_272,0,0,1,0,0,0,0,0,0,0,0,0,0,0,0,0,0,88.83694458,65.07522583
"[0, 0, 1, 0, 0, 0, 0, 0, 0]",c_273,0,0,1,0,0,0,0,0,0,0,0,0,0,0,0,0,0,88.83694458,70.78616333
"[0, 0, 1, 0, 0, 0, 0, 0, 0]",c_274,0,0,1,0,0,0,0,0,0,0,0,0,0,0,0,0,0,88.83694458,76.49710083
"[0, 0, 1, 0, 0, 0, 0, 0, 0]",c_275,0,0,1,0,0,0,0,0,0,0,0,0,0,0,0,0,0,88.83694458,82.20803833
"[0, 0, 1, 0, 0, 0, 0, 0, 0]",c_276,0,0,1,0,0,0,0,0,0,0,0,0,0,0,0,0,0,87.67094421,88.27357483
"[0, 0, 1, 0, 0, 0, 0, 0, 0]",c_277,0,0,1,0,0,0,0,0,0,0,0,0,0,0,0,0,0,89.45855713,86.66854095
"[0, 0, 1, 0, 0, 0, 0, 0, 0]",c_278,0,0,1,0,0,0,0,0,0,0,0,0,0,0,0,0,0,94.71934509,19.38772392
"[0, 0, 1, 0, 0, 0, 0, 0, 0]",c_279,0,0,1,0,0,0,0,0,0,0,0,0,0,0,0,0,0,94.71934509,13.67678642
"[0, 0, 1, 0, 0, 0, 0, 0, 0]",c_280,0,0,1,0,0,0,0,0,0,0,0,0,0,0,0,0,0,94.71934509,25.09866142
"[0, 0, 1, 0, 0, 0, 0, 0, 0]",c_281,0,0,1,0,0,0,0,0,0,0,0,0,0,0,0,0,0,94.71934509,30.80959702
"[0, 0, 1, 0, 0, 0, 0, 0, 0]",c_282,0,0,1,0,0,0,0,0,0,0,0,0,0,0,0,0,0,94.71934509,36.52053452
"[0, 0, 1, 0, 0, 0, 0, 0, 0]",c_283,0,0,1,0,0,0,0,0,0,0,0,0,0,0,0,0,0,94.71934509,42.23147202
"[0, 0, 1, 0, 0, 0, 0, 0, 0]",c_284,0,0,1,0,0,0,0,0,0,0,0,0,0,0,0,0,0,94.71934509,47.94240952
"[0, 0, 1, 0, 0, 0, 0, 0, 0]",c_285,0,0,1,0,0,0,0,0,0,0,0,0,0,0,0,0,0,94.71934509,53.65334702
"[0, 0, 1, 0, 0, 0, 0, 0, 0]",c_286,0,0,1,0,0,0,0,0,0,0,0,0,0,0,0,0,0,94.71934509,59.36428452
"[0, 0, 1, 0, 0, 0, 0, 0, 0]",c_287,0,0,1,0,0,0,0,0,0,0,0,0,0,0,0,0,0,94.71934509,65.07522583
"[0, 0, 1, 0, 0, 0, 0, 0, 0]",c_288,0,0,1,0,0,0,0,0,0,0,0,0,0,0,0,0,0,94.71934509,70.78616333
"[0, 0, 1, 0, 0, 0, 0, 0, 0]",c_289,0,0,1,0,0,0,0,0,0,0,0,0,0,0,0,0,0,94.71934509,76.49710083
"[0, 0, 1, 0, 0, 0, 0, 0, 0]",c_290,0,0,1,0,0,0,0,0,0,0,0,0,0,0,0,0,0,94.71934509,82.20803833
"[0, 0, 1, 0, 0, 0, 0, 0, 0]",c_291,0,0,1,0,0,0,0,0,0,0,0,0,0,0,0,0,0,92.48937225,88.27358246
"[0, 0, 1, 0, 0, 0, 0, 0, 0]",c_292,0,0,1,0,0,0,0,0,0,0,0,0,0,0,0,0,0,94.80895996,86.66854095
"[0, 0, 1, 0, 0, 0, 0, 0, 0]",c_293,0,0,1,0,0,0,0,0,0,0,0,0,0,0,0,0,0,100.6017456,19.38772392
"[0, 0, 1, 0, 0, 0, 0, 0, 0]",c_294,0,0,1,0,0,0,0,0,0,0,0,0,0,0,0,0,0,100.6017456,13.67678642
"[0, 0, 1, 0, 0, 0, 0, 0, 0]",c_295,0,0,1,0,0,0,0,0,0,0,0,0,0,0,0,0,0,100.6017456,25.09866142
"[0, 0, 1, 0, 0, 0, 0, 0, 0]",c_296,0,0,1,0,0,0,0,0,0,0,0,0,0,0,0,0,0,100.6017456,30.80959702
"[0, 0, 1, 0, 0, 0, 0, 0, 0]",c_297,0,0,1,0,0,0,0,0,0,0,0,0,0,0,0,0,0,100.6017456,36.52053452
"[0, 0, 1, 0, 0, 0, 0, 0, 0]",c_298,0,0,1,0,0,0,0,0,0,0,0,0,0,0,0,0,0,100.6017456,42.23147202
"[0, 0, 1, 0, 0, 0, 0, 0, 0]",c_299,0,0,1,0,0,0,0,0,0,0,0,0,0,0,0,0,0,100.6017456,47.94240952
"[0, 0, 1, 0, 0, 0, 0, 0, 0]",c_300,0,0,1,0,0,0,0,0,0,0,0,0,0,0,0,0,0,100.6017456,53.65334702
"[0, 0, 1, 0, 0, 0, 0, 0, 0]",c_301,0,0,1,0,0,0,0,0,0,0,0,0,0,0,0,0,0,100.6017456,59.36428452
"[0, 0, 1, 0, 0, 0, 0, 0, 0]",c_302,0,0,1,0,0,0,0,0,0,0,0,0,0,0,0,0,0,100.6017456,65.07522583
"[0, 0, 1, 0, 0, 0, 0, 0, 0]",c_303,0,0,1,0,0,0,0,0,0,0,0,0,0,0,0,0,0,100.6017456,70.78616333
"[0, 0, 1, 0, 0, 0, 0, 0, 0]",c_304,0,0,1,0,0,0,0,0,0,0,0,0,0,0,0,0,0,100.6017456,76.49710083
"[0, 0, 1, 0, 0, 0, 0, 0, 0]",c_305,0,0,1,0,0,0,0,0,0,0,0,0,0,0,0,0,0,100.6017456,82.20803833
"[0, 0, 1, 0, 0, 0, 0, 0, 0]",c_306,0,0,1,0,0,0,0,0,0,0,0,0,0,0,0,0,0,97.30780029,88.27357483
"[0, 0, 1, 0, 0, 0, 0, 0, 0]",c_307,0,0,1,0,0,0,0,0,0,0,0,0,0,0,0,0,0,101.0098038,87.47105408
"[0, 0, 1, 0, 0, 0, 0, 0, 0]",c_308,0,0,1,0,0,0,0,0,0,0,0,0,0,0,0,0,0,106.4841461,19.38772392
"[0, 0, 1, 0, 0, 0, 0, 0, 0]",c_309,0,0,1,0,0,0,0,0,0,0,0,0,0,0,0,0,0,106.4841461,13.67678642
"[0, 0, 1, 0, 0, 0, 0, 0, 0]",c_310,0,0,1,0,0,0,0,0,0,0,0,0,0,0,0,0,0,106.4841461,25.09866142
"[0, 0, 1, 0, 0, 0, 0, 0, 0]",c_311,0,0,1,0,0,0,0,0,0,0,0,0,0,0,0,0,0,106.4841461,30.80959702
"[0, 0, 1, 0, 0, 0, 0, 0, 0]",c_312,0,0,1,0,0,0,0,0,0,0,0,0,0,0,0,0,0,106.4841461,36.52053452
"[0, 0, 1, 0, 0, 0, 0, 0, 0]",c_313,0,0,1,0,0,0,0,0,0,0,0,0,0,0,0,0,0,106.4841461,42.23147202
"[0, 0, 1, 0, 0, 0, 0, 0, 0]",c_314,0,0,1,0,0,0,0,0,0,0,0,0,0,0,0,0,0,106.4841461,47.94240952
"[0, 0, 1, 0, 0, 0, 0, 0, 0]",c_315,0,0,1,0,0,0,0,0,0,0,0,0,0,0,0,0,0,106.4841461,53.65334702
"[0, 0, 1, 0, 0, 0, 0, 0, 0]",c_316,0,0,1,0,0,0,0,0,0,0,0,0,0,0,0,0,0,106.4841461,59.36428452
"[0, 0, 1, 0, 0, 0, 0, 0, 0]",c_317,0,0,1,0,0,0,0,0,0,0,0,0,0,0,0,0,0,106.4841461,65.07522583
"[0, 0, 1, 0, 0, 0, 0, 0, 0]",c_318,0,0,1,0,0,0,0,0,0,0,0,0,0,0,0,0,0,106.4841461,70.78616333
"[0, 0, 1, 0, 0, 0, 0, 0, 0]",c_319,0,0,1,0,0,0,0,0,0,0,0,0,0,0,0,0,0,106.4841461,76.49710083
"[0, 0, 1, 0, 0, 0, 0, 0, 0]",c_320,0,0,1,0,0,0,0,0,0,0,0,0,0,0,0,0,0,106.4841461,82.20803833
"[0, 0, 1, 0, 0, 0, 0, 0, 0]",c_321,0,0,1,0,0,0,0,0,0,0,0,0,0,0,0,0,0,104.9838486,88.27357483
"[0, 0, 1, 0, 0, 0, 0, 0, 0]",c_322,0,0,1,0,0,0,0,0,0,0,0,0,0,0,0,0,0,106.9385986,86.66854095
"[0, 0, 1, 0, 0, 0, 0, 0, 0]",c_323,0,0,1,0,0,0,0,0,0,0,0,0,0,0,0,0,0,112.3665466,19.38772392
"[0, 0, 1, 0, 0, 0, 0, 0, 0]",c_324,0,0,1,0,0,0,0,0,0,0,0,0,0,0,0,0,0,112.3665466,13.67678642
"[0, 0, 1, 0, 0, 0, 0, 0, 0]",c_325,0,0,1,0,0,0,0,0,0,0,0,0,0,0,0,0,0,112.3665466,25.09866142
"[0, 0, 1, 0, 0, 0, 0, 0, 0]",c_326,0,0,1,0,0,0,0,0,0,0,0,0,0,0,0,0,0,112.3665466,30.80959702
"[0, 0, 1, 0, 0, 0, 0, 0, 0]",c_327,0,0,1,0,0,0,0,0,0,0,0,0,0,0,0,0,0,112.3665466,36.52053452
"[0, 0, 1, 0, 0, 0, 0, 0, 0]",c_328,0,0,1,0,0,0,0,0,0,0,0,0,0,0,0,0,0,112.3665466,42.23147202
"[0, 0, 1, 0, 0, 0, 0, 0, 0]",c_329,0,0,1,0,0,0,0,0,0,0,0,0,0,0,0,0,0,112.3665466,47.94240952
"[0, 0, 1, 0, 0, 0, 0, 0, 0]",c_330,0,0,1,0,0,0,0,0,0,0,0,0,0,0,0,0,0,112.3665466,53.65334702
"[0, 0, 1, 0, 0, 0, 0, 0, 0]",c_331,0,0,1,0,0,0,0,0,0,0,0,0,0,0,0,0,0,112.3665466,59.36428452
"[0, 0, 1, 0, 0, 0, 0, 0, 0]",c_332,0,0,1,0,0,0,0,0,0,0,0,0,0,0,0,0,0,112.3665466,65.07522583
"[0, 0, 1, 0, 0, 0, 0, 0, 0]",c_333,0,0,1,0,0,0,0,0,0,0,0,0,0,0,0,0,0,112.3665466,70.78616333
"[0, 0, 1, 0, 0, 0, 0, 0, 0]",c_334,0,0,1,0,0,0,0,0,0,0,0,0,0,0,0,0,0,112.3665466,76.49710083
"[0, 0, 1, 0, 0, 0, 0, 0, 0]",c_335,0,0,1,0,0,0,0,0,0,0,0,0,0,0,0,0,0,112.3665466,82.20803833
"[0, 0, 1, 0, 0, 0, 0, 0, 0]",c_336,0,0,1,0,0,0,0,0,0,0,0,0,0,0,0,0,0,109.802269,88.27357483
"[0, 0, 1, 0, 0, 0, 0, 0, 0]",c_337,0,0,1,0,0,0,0,0,0,0,0,0,0,0,0,0,0,112.2890244,86.66854095
"[0, 0, 1, 0, 0, 0, 0, 0, 0]",c_338,0,0,1,0,0,0,0,0,0,0,0,0,0,0,0,0,0,117.2685471,18.43590164
"[0, 0, 1, 0, 0, 0, 0, 0, 0]",c_339,0,0,1,0,0,0,0,0,0,0,0,0,0,0,0,0,0,118.2489471,13.67678642
"[0, 0, 1, 0, 0, 0, 0, 0, 0]",c_340,0,0,1,0,0,0,0,0,0,0,0,0,0,0,0,0,0,117.2685471,60.3161087
"[0, 0, 1, 0, 0, 0, 0, 0, 0]",c_341,0,0,1,0,0,0,0,0,0,0,0,0,0,0,0,0,0,118.8122559,57.93795776
"[0, 0, 1, 0, 0, 0, 0, 0, 0]",c_342,0,0,1,0,0,0,0,0,0,0,0,0,0,0,0,0,0,118.2489471,65.07522583
"[0, 0, 1, 0, 0, 0, 0, 0, 0]",c_343,0,0,1,0,0,0,0,0,0,0,0,0,0,0,0,0,0,118.2489471,70.78616333
"[0, 0, 1, 0, 0, 0, 0, 0, 0]",c_344,0,0,1,0,0,0,0,0,0,0,0,0,0,0,0,0,0,118.2489471,76.49710083
"[0, 0, 1, 0, 0, 0, 0, 0, 0]",c_345,0,0,1,0,0,0,0,0,0,0,0,0,0,0,0,0,0,118.2489471,82.20803833
"[0, 0, 1, 0, 0, 0, 0, 0, 0]",c_346,0,0,1,0,0,0,0,0,0,0,0,0,0,0,0,0,0,114.620697,88.27358246
"[0, 0, 1, 0, 0, 0, 0, 0, 0]",c_347,0,0,1,0,0,0,0,0,0,0,0,0,0,0,0,0,0,117.6394272,86.66854095
"[0, 0, 1, 0, 0, 0, 0, 0, 0]",c_348,0,0,1,0,0,0,0,0,0,0,0,0,0,0,0,0,0,127.0725555,14.6286087
"[0, 0, 1, 0, 0, 0, 0, 0, 0]",c_349,0,0,1,0,0,0,0,0,0,0,0,0,0,0,0,0,0,123.1509552,12.72496319
"[0, 0, 1, 0, 0, 0, 0, 0, 0]",c_350,0,0,1,0,0,0,0,0,0,0,0,0,0,0,0,0,0,124.1313477,65.07522583
"[0, 0, 1, 0, 0, 0, 0, 0, 0]",c_351,0,0,1,0,0,0,0,0,0,0,0,0,0,0,0,0,0,124.0236435,59.84160614
"[0, 0, 1, 0, 0, 0, 0, 0, 0]",c_352,0,0,1,0,0,0,0,0,0,0,0,0,0,0,0,0,0,121.645752,57.46345139
"[0, 0, 1, 0, 0, 0, 0, 0, 0]",c_353,0,0,1,0,0,0,0,0,0,0,0,0,0,0,0,0,0,124.1313477,70.78616333
"[0, 0, 1, 0, 0, 0, 0, 0, 0]",c_354,0,0,1,0,0,0,0,0,0,0,0,0,0,0,0,0,0,124.1313477,76.49710083
"[0, 0, 1, 0, 0, 0, 0, 0, 0]",c_355,0,0,1,0,0,0,0,0,0,0,0,0,0,0,0,0,0,124.1313477,82.20803833
"[0, 0, 1, 0, 0, 0, 0, 0, 0]",c_356,0,0,1,0,0,0,0,0,0,0,0,0,0,0,0,0,0,119.4391327,88.27357483
"[0, 0, 1, 0, 0, 0, 0, 0, 0]",c_357,0,0,1,0,0,0,0,0,0,0,0,0,0,0,0,0,0,123.4907074,87.47105408
"[0, 0, 1, 0, 0, 0, 0, 0, 0]",c_358,0,0,1,0,0,0,0,0,0,0,0,0,0,0,0,0,0,130.0137482,65.07522583
"[0, 0, 1, 0, 0, 0, 0, 0, 0]",c_359,0,0,1,0,0,0,0,0,0,0,0,0,0,0,0,0,0,129.8129883,58.65252686
"[0, 0, 1, 0, 0, 0, 0, 0, 0]",c_360,0,0,1,0,0,0,0,0,0,0,0,0,0,0,0,0,0,126.1861191,57.46345139
"[0, 0, 1, 0, 0, 0, 0, 0, 0]",c_361,0,0,1,0,0,0,0,0,0,0,0,0,0,0,0,0,0,130.0137482,70.78616333
"[0, 0, 1, 0, 0, 0, 0, 0, 0]",c_362,0,0,1,0,0,0,0,0,0,0,0,0,0,0,0,0,0,130.0137482,76.49710083
"[0, 0, 1, 0, 0, 0, 0, 0, 0]",c_363,0,0,1,0,0,0,0,0,0,0,0,0,0,0,0,0,0,130.0137482,82.20803833
"[0, 0, 1, 0, 0, 0, 0, 0, 0]",c_364,0,0,1,0,0,0,0,0,0,0,0,0,0,0,0,0,0,127.1151733,88.27357483
"[0, 0, 1, 0, 0, 0, 0, 0, 0]",c_365,0,0,1,0,0,0,0,0,0,0,0,0,0,0,0,0,0,130.718338,87.47105408
"[0, 0, 1, 0, 0, 0, 0, 0, 0]",c_366,0,0,1,0,0,0,0,0,0,0,0,0,0,0,0,0,0,135.8961487,65.07522583
"[0, 0, 1, 0, 0, 0, 0, 0, 0]",c_367,0,0,1,0,0,0,0,0,0,0,0,0,0,0,0,0,0,136.6235352,58.65252686
"[0, 0, 1, 0, 0, 0, 0, 0, 0]",c_368,0,0,1,0,0,0,0,0,0,0,0,0,0,0,0,0,0,133.3060455,57.46345139
"[0, 0, 1, 0, 0, 0, 0, 0, 0]",c_369,0,0,1,0,0,0,0,0,0,0,0,0,0,0,0,0,0,135.8961487,70.78616333
"[0, 0, 1, 0, 0, 0, 0, 0, 0]",c_370,0,0,1,0,0,0,0,0,0,0,0,0,0,0,0,0,0,135.8961487,76.49710083
"[0, 0, 1, 0, 0, 0, 0, 0, 0]",c_371,0,0,1,0,0,0,0,0,0,0,0,0,0,0,0,0,0,135.8961487,82.20803833
"[0, 0, 1, 0, 0, 0, 0, 0, 0]",c_372,0,0,1,0,0,0,0,0,0,0,0,0,0,0,0,0,0,134.7912292,88.27358246
"[0, 0, 1, 0, 0, 0, 0, 0, 0]",c_373,0,0,1,0,0,0,0,0,0,0,0,0,0,0,0,0,0,136.5483093,86.66854095
"[0, 0, 1, 0, 0, 0, 0, 0, 0]",c_374,0,0,1,0,0,0,0,0,0,0,0,0,0,0,0,0,0,141.7785492,65.07522583
"[0, 0, 1, 0, 0, 0, 0, 0, 0]",c_375,0,0,1,0,0,0,0,0,0,0,0,0,0,0,0,0,0,141.4994202,58.65252686
"[0, 0, 1, 0, 0, 0, 0, 0, 0]",c_376,0,0,1,0,0,0,0,0,0,0,0,0,0,0,0,0,0,141.7785492,70.78616333
"[0, 0, 1, 0, 0, 0, 0, 0, 0]",c_377,0,0,1,0,0,0,0,0,0,0,0,0,0,0,0,0,0,141.7785492,76.49710083
"[0, 0, 1, 0, 0, 0, 0, 0, 0]",c_378,0,0,1,0,0,0,0,0,0,0,0,0,0,0,0,0,0,141.7785492,82.20803833
"[0, 0, 1, 0, 0, 0, 0, 0, 0]",c_379,0,0,1,0,0,0,0,0,0,0,0,0,0,0,0,0,0,140.8871765,87.47105408
"[0, 0, 1, 0, 0, 0, 0, 0, 0]",c_380,0,0,1,0,0,0,0,0,0,0,0,0,0,0,0,0,0,147.6609497,65.07522583
"[0, 0, 1, 0, 0, 0, 0, 0, 0]",c_381,0,0,1,0,0,0,0,0,0,0,0,0,0,0,0,0,0,147.4487305,59.84160614
"[0, 0, 1, 0, 0, 0, 0, 0, 0]",c_382,0,0,1,0,0,0,0,0,0,0,0,0,0,0,0,0,0,144.9663239,57.46345139
"[0, 0, 1, 0, 0, 0, 0, 0, 0]",c_383,0,0,1,0,0,0,0,0,0,0,0,0,0,0,0,0,0,147.6609497,70.78616333
"[0, 0, 1, 0, 0, 0, 0, 0, 0]",c_384,0,0,1,0,0,0,0,0,0,0,0,0,0,0,0,0,0,147.6609497,76.49710083
"[0, 0, 1, 0, 0, 0, 0, 0, 0]",c_385,0,0,1,0,0,0,0,0,0,0,0,0,0,0,0,0,0,147.6609497,82.20803833
"[0, 0, 1, 0, 0, 0, 0, 0, 0]",c_386,0,0,1,0,0,0,0,0,0,0,0,0,0,0,0,0,0,144.4280853,88.27358246
"[0, 0, 1, 0, 0, 0, 0, 0, 0]",c_387,0,0,1,0,0,0,0,0,0,0,0,0,0,0,0,0,0,147.2491302,86.66854095
"[0, 0, 1, 0, 0, 0, 0, 0, 0]",c_388,0,0,1,0,0,0,0,0,0,0,0,0,0,0,0,0,0,154.0934601,2.702828169
"[0, 0, 1, 0, 0, 0, 0, 0, 0]",c_389,0,0,1,0,0,0,0,0,0,0,0,0,0,0,0,0,0,150.5473022,2.957489491
"[0, 0, 1, 0, 0, 0, 0, 0, 0]",c_390,0,0,1,0,0,0,0,0,0,0,0,0,0,0,0,0,0,149.1727295,5.071846485
"[0, 0, 1, 0, 0, 0, 0, 0, 0]",c_391,0,0,1,0,0,0,0,0,0,0,0,0,0,0,0,0,0,149.5300903,8.094982147
"[0, 0, 1, 0, 0, 0, 0, 0, 0]",c_392,0,0,1,0,0,0,0,0,0,0,0,0,0,0,0,0,0,153.5433655,7.965848923
"[0, 0, 1, 0, 0, 0, 0, 0, 0]",c_393,0,0,1,0,0,0,0,0,0,0,0,0,0,0,0,0,0,146.9619141,10.3156004
"[0, 0, 1, 0, 0, 0, 0, 0, 0]",c_394,0,0,1,0,0,0,0,0,0,0,0,0,0,0,0,0,0,147.6609497,13.67678642
"[0, 0, 1, 0, 0, 0, 0, 0, 0]",c_395,0,0,1,0,0,0,0,0,0,0,0,0,0,0,0,0,0,153.5433655,13.67678642
"[0, 0, 1, 0, 0, 0, 0, 0, 0]",c_396,0,0,1,0,0,0,0,0,0,0,0,0,0,0,0,0,0,152.6601257,20.73354912
"[0, 0, 1, 0, 0, 0, 0, 0, 0]",c_397,0,0,1,0,0,0,0,0,0,0,0,0,0,0,0,0,0,154.5237732,18.43590164
"[0, 0, 1, 0, 0, 0, 0, 0, 0]",c_398,0,0,1,0,0,0,0,0,0,0,0,0,0,0,0,0,0,153.5433655,65.07522583
"[0, 0, 1, 0, 0, 0, 0, 0, 0]",c_399,0,0,1,0,0,0,0,0,0,0,0,0,0,0,0,0,0,154.5237732,60.3161087
"[0, 0, 1, 0, 0, 0, 0, 0, 0]",c_400,0,0,1,0,0,0,0,0,0,0,0,0,0,0,0,0,0,152.6601257,57.93795776
"[0, 0, 1, 0, 0, 0, 0, 0, 0]",c_401,0,0,1,0,0,0,0,0,0,0,0,0,0,0,0,0,0,149.5066986,57.46345139
"[0, 0, 1, 0, 0, 0, 0, 0, 0]",c_402,0,0,1,0,0,0,0,0,0,0,0,0,0,0,0,0,0,153.5433655,70.78616333
"[0, 0, 1, 0, 0, 0, 0, 0, 0]",c_403,0,0,1,0,0,0,0,0,0,0,0,0,0,0,0,0,0,153.5433655,76.49710083
"[0, 0, 1, 0, 0, 0, 0, 0, 0]",c_404,0,0,1,0,0,0,0,0,0,0,0,0,0,0,0,0,0,152.562973,82.20803833
"[0, 0, 1, 0, 0, 0, 0, 0, 0]",c_405,0,0,1,0,0,0,0,0,0,0,0,0,0,0,0,0,0,154.5237732,80.30439758
"[0, 0, 1, 0, 0, 0, 0, 0, 0]",c_406,0,0,1,0,0,0,0,0,0,0,0,0,0,0,0,0,0,149.2465057,88.27358246
"[0, 0, 1, 0, 0, 0, 0, 0, 0]",c_407,0,0,1,0,0,0,0,0,0,0,0,0,0,0,0,0,0,153.1992493,87.47105408
"[0, 0, 1, 0, 0, 0, 0, 0, 0]",c_408,0,0,1,0,0,0,0,0,0,0,0,0,0,0,0,0,0,154.5237732,84.11168671
"[0, 0, 1, 0, 0, 0, 0, 0, 0]",c_409,0,0,1,0,0,0,0,0,0,0,0,0,0,0,0,0,0,157.9351501,8.175149918
"[0, 0, 1, 0, 0, 0, 0, 0, 0]",c_410,0,0,1,0,0,0,0,0,0,0,0,0,0,0,0,0,0,159.3845215,6.049548149
"[0, 0, 1, 0, 0, 0, 0, 0, 0]",c_411,0,0,1,0,0,0,0,0,0,0,0,0,0,0,0,0,0,158.0075684,3.283389807
"[0, 0, 1, 0, 0, 0, 0, 0, 0]",c_412,0,0,1,0,0,0,0,0,0,0,0,0,0,0,0,0,0,157.9363403,13.36551952
"[0, 0, 1, 0, 0, 0, 0, 0, 0]",c_413,0,0,1,0,0,0,0,0,0,0,0,0,0,0,0,0,0,159.3869019,10.71935177
"[0, 0, 1, 0, 0, 0, 0, 0, 0]",c_414,0,0,1,0,0,0,0,0,0,0,0,0,0,0,0,0,0,157.9387207,19.93897057
"[0, 0, 1, 0, 0, 0, 0, 0, 0]",c_415,0,0,1,0,0,0,0,0,0,0,0,0,0,0,0,0,0,159.3916931,18.15531349
"[0, 0, 1, 0, 0, 0, 0, 0, 0]",c_416,0,0,1,0,0,0,0,0,0,0,0,0,0,0,0,0,0,159.3893127,15.38915539
"[0, 0, 1, 0, 0, 0, 0, 0, 0]",c_417,0,0,1,0,0,0,0,0,0,0,0,0,0,0,0,0,0,152.7572632,24.3503685
"[0, 0, 1, 0, 0, 0, 0, 0, 0]",c_418,0,0,1,0,0,0,0,0,0,0,0,0,0,0,0,0,0,154.6209106,27.76365662
"[0, 0, 1, 0, 0, 0, 0, 0, 0]",c_419,0,0,1,0,0,0,0,0,0,0,0,0,0,0,0,0,0,157.9411316,28.41606712
"[0, 0, 1, 0, 0, 0, 0, 0, 0]",c_420,0,0,1,0,0,0,0,0,0,0,0,0,0,0,0,0,0,159.3964844,25.59127617
"[0, 0, 1, 0, 0, 0, 0, 0, 0]",c_421,0,0,1,0,0,0,0,0,0,0,0,0,0,0,0,0,0,159.3940887,22.82511711
"[0, 0, 1, 0, 0, 0, 0, 0, 0]",c_422,0,0,1,0,0,0,0,0,0,0,0,0,0,0,0,0,0,157.9494934,59.03771973
"[0, 0, 1, 0, 0, 0, 0, 0, 0]",c_423,0,0,1,0,0,0,0,0,0,0,0,0,0,0,0,0,0,159.4132385,56.37625885
"[0, 0, 1, 0, 0, 0, 0, 0, 0]",c_424,0,0,1,0,0,0,0,0,0,0,0,0,0,0,0,0,0,157.9483032,53.84735107
"[0, 0, 1, 0, 0, 0, 0, 0, 0]",c_425,0,0,1,0,0,0,0,0,0,0,0,0,0,0,0,0,0,153.6890869,53.37994766
"[0, 0, 1, 0, 0, 0, 0, 0, 0]",c_426,0,0,1,0,0,0,0,0,0,0,0,0,0,0,0,0,0,157.951889,65.61117554
"[0, 0, 1, 0, 0, 0, 0, 0, 0]",c_427,0,0,1,0,0,0,0,0,0,0,0,0,0,0,0,0,0,159.4180145,63.81221771
"[0, 0, 1, 0, 0, 0, 0, 0, 0]",c_428,0,0,1,0,0,0,0,0,0,0,0,0,0,0,0,0,0,159.4156189,61.04606247
"[0, 0, 1, 0, 0, 0, 0, 0, 0]",c_429,0,0,1,0,0,0,0,0,0,0,0,0,0,0,0,0,0,157.9551086,70.57485962
"[0, 0, 1, 0, 0, 0, 0, 0, 0]",c_430,0,0,1,0,0,0,0,0,0,0,0,0,0,0,0,0,0,159.4224243,68.25534058
"[0, 0, 1, 0, 0, 0, 0, 0, 0]",c_431,0,0,1,0,0,0,0,0,0,0,0,0,0,0,0,0,0,157.9615479,76.69493103
"[0, 0, 1, 0, 0, 0, 0, 0, 0]",c_432,0,0,1,0,0,0,0,0,0,0,0,0,0,0,0,0,0,159.435318,74.78455353
"[0, 0, 1, 0, 0, 0, 0, 0, 0]",c_433,0,0,1,0,0,0,0,0,0,0,0,0,0,0,0,0,0,159.4288635,72.47177124
"[0, 0, 1, 0, 0, 0, 0, 0, 0]",c_434,0,0,1,0,0,0,0,0,0,0,0,0,0,0,0,0,0,157.4179688,80.70679474
"[0, 0, 1, 0, 0, 0, 0, 0, 0]",c_435,0,0,1,0,0,0,0,0,0,0,0,0,0,0,0,0,0,158.8949585,79.00097656
"[0, 0, 1, 0, 0, 0, 0, 0, 0]",c_436,0,0,1,0,0,0,0,0,0,0,0,0,0,0,0,0,0,156.9225769,87.23815155
"[0, 0, 1, 0, 0, 0, 0, 0, 0]",c_437,0,0,1,0,0,0,0,0,0,0,0,0,0,0,0,0,0,158.3513794,85.16729736
"[0, 0, 1, 0, 0, 0, 0, 0, 0]",c_438,0,0,1,0,0,0,0,0,0,0,0,0,0,0,0,0,0,157.4179688,83.64586639
"[0, 0, 1, 0, 0, 0, 0, 0, 0]",c_439,0,0,1,0,0,0,0,0,0,0,0,0,0,0,0,0,0,158.3513794,82.1446228
"[0, 0, 1, 0, 0, 0, 0, 0, 0]",c_440,0,0,1,0,0,0,0,0,0,0,0,0,0,0,0,0,0,54.52293396,54.1292572
"[0, 0, 1, 0, 0, 0, 0, 0, 0]",c_441,0,0,1,0,0,0,0,0,0,0,0,0,0,0,0,0,0,52.8072319,55.79494858
"[0, 0, 1, 0, 0, 0, 0, 0, 0]",c_442,0,0,1,0,0,0,0,0,0,0,0,0,0,0,0,0,0,52.27612305,57.10186005
"[0, 0, 1, 0, 0, 0, 0, 0, 0]",c_443,0,0,1,0,0,0,0,0,0,0,0,0,0,0,0,0,0,52.7663269,58.05368042
"[0, 0, 1, 0, 0, 0, 0, 0, 0]",c_444,0,0,1,0,0,0,0,0,0,0,0,0,0,0,0,0,0,53.05233765,52.70152283
"[0, 0, 1, 0, 0, 0, 0, 0, 0]",c_445,0,0,1,0,0,0,0,0,0,0,0,0,0,0,0,0,0,52.8072319,54.3672142
"[0, 0, 1, 0, 0, 0, 0, 0, 0]",c_446,0,0,1,0,0,0,0,0,0,0,0,0,0,0,0,0,0,51.78592682,55.22949982
"[0, 0, 1, 0, 0, 0, 0, 0, 0]",c_447,0,0,1,0,0,0,0,0,0,0,0,0,0,0,0,0,0,51.49991989,56.29845428
"[0, 0, 1, 0, 0, 0, 0, 0, 0]",c_448,0,0,1,0,0,0,0,0,0,0,0,0,0,0,0,0,0,51.78592682,54.27767181
"[0, 0, 1, 0, 0, 0, 0, 0, 0]",c_449,0,0,1,0,0,0,0,0,0,0,0,0,0,0,0,0,0,52.37822342,60.58732224
"[0, 0, 1, 0, 0, 0, 0, 0, 0]",c_450,0,0,1,0,0,0,0,0,0,0,0,0,0,0,0,0,0,51.99011993,63.78791046
"[0, 0, 1, 0, 0, 0, 0, 0, 0]",c_451,0,0,1,0,0,0,0,0,0,0,0,0,0,0,0,0,0,18.22890091,11.48519135
"[0, 0, 1, 0, 0, 0, 0, 0, 0]",c_452,0,0,1,0,0,0,0,0,0,0,0,0,0,0,0,0,0,19.70911407,13.72598171
"[0, 0, 1, 0, 0, 0, 0, 0, 0]",c_453,0,0,1,0,0,0,0,0,0,0,0,0,0,0,0,0,0,27.07172585,13.67678642
"[0, 0, 1, 0, 0, 0, 0, 0, 0]",c_454,0,0,1,0,0,0,0,0,0,0,0,0,0,0,0,0,0,26.55758667,10.48417282
"[0, 0, 1, 0, 0, 0, 0, 0, 0]",c_455,0,0,1,0,0,0,0,0,0,0,0,0,0,0,0,0,0,22.6192131,10.14702797
"[0, 0, 1, 0, 0, 0, 0, 0, 0]",c_456,0,0,1,0,0,0,0,0,0,0,0,0,0,0,0,0,0,19.69233704,10.14702797
"[0, 0, 1, 0, 0, 0, 0, 0, 0]",c_457,0,0,1,0,0,0,0,0,0,0,0,0,0,0,0,0,0,18.22890091,16.06516266
"[0, 0, 1, 0, 0, 0, 0, 0, 0]",c_458,0,0,1,0,0,0,0,0,0,0,0,0,0,0,0,0,0,19.53941345,18.72326279
"[0, 0, 1, 0, 0, 0, 0, 0, 0]",c_459,0,0,1,0,0,0,0,0,0,0,0,0,0,0,0,0,0,22.16044235,20.02497101
"[0, 0, 1, 0, 0, 0, 0, 0, 0]",c_460,0,0,1,0,0,0,0,0,0,0,0,0,0,0,0,0,0,24.78146744,19.98851776
"[0, 0, 1, 0, 0, 0, 0, 0, 0]",c_461,0,0,1,0,0,0,0,0,0,0,0,0,0,0,0,0,0,27.56225395,18.25127411
"[0, 0, 1, 0, 0, 0, 0, 0, 0]",c_462,0,0,1,0,0,0,0,0,0,0,0,0,0,0,0,0,0,35.89532852,13.67678642
"[0, 0, 1, 0, 0, 0, 0, 0, 0]",c_463,0,0,1,0,0,0,0,0,0,0,0,0,0,0,0,0,0,36.20020676,10.3156004
"[0, 0, 1, 0, 0, 0, 0, 0, 0]",c_464,0,0,1,0,0,0,0,0,0,0,0,0,0,0,0,0,0,32.39455795,10.14702797
"[0, 0, 1, 0, 0, 0, 0, 0, 0]",c_465,0,0,1,0,0,0,0,0,0,0,0,0,0,0,0,0,0,29.46768761,10.14702797
"[0, 0, 1, 0, 0, 0, 0, 0, 0]",c_466,0,0,1,0,0,0,0,0,0,0,0,0,0,0,0,0,0,31.32409477,19.95206451
"[0, 0, 1, 0, 0, 0, 0, 0, 0]",c_467,0,0,1,0,0,0,0,0,0,0,0,0,0,0,0,0,0,33.94512177,19.91560936
"[0, 0, 1, 0, 0, 0, 0, 0, 0]",c_468,0,0,1,0,0,0,0,0,0,0,0,0,0,0,0,0,0,36.06568146,18.21481895
"[0, 0, 1, 0, 0, 0, 0, 0, 0]",c_469,0,0,1,0,0,0,0,0,0,0,0,0,0,0,0,0,0,41.77772903,13.67678642
"[0, 0, 1, 0, 0, 0, 0, 0, 0]",c_470,0,0,1,0,0,0,0,0,0,0,0,0,0,0,0,0,0,41.33656311,10.3156004
"[0, 0, 1, 0, 0, 0, 0, 0, 0]",c_471,0,0,1,0,0,0,0,0,0,0,0,0,0,0,0,0,0,47.66012955,13.67678642
"[0, 0, 1, 0, 0, 0, 0, 0, 0]",c_472,0,0,1,0,0,0,0,0,0,0,0,0,0,0,0,0,0,48.66807556,10.3156004
"[0, 0, 1, 0, 0, 0, 0, 0, 0]",c_473,0,0,1,0,0,0,0,0,0,0,0,0,0,0,0,0,0,45.09678268,10.14702797
"[0, 0, 1, 0, 0, 0, 0, 0, 0]",c_474,0,0,1,0,0,0,0,0,0,0,0,0,0,0,0,0,0,38.52694702,19.87915611
"[0, 0, 1, 0, 0, 0, 0, 0, 0]",c_475,0,0,1,0,0,0,0,0,0,0,0,0,0,0,0,0,0,41.29779816,18.19659233
"[0, 0, 1, 0, 0, 0, 0, 0, 0]",c_476,0,0,1,0,0,0,0,0,0,0,0,0,0,0,0,0,0,53.80443192,10.3156004
"[0, 0, 1, 0, 0, 0, 0, 0, 0]",c_477,0,0,1,0,0,0,0,0,0,0,0,0,0,0,0,0,0,47.84042358,18.16013908
"[0, 0, 1, 0, 0, 0, 0, 0, 0]",c_478,0,0,1,0,0,0,0,0,0,0,0,0,0,0,0,0,0,50.31162643,19.76979446
"[0, 0, 1, 0, 0, 0, 0, 0, 0]",c_479,0,0,1,0,0,0,0,0,0,0,0,0,0,0,0,0,0,58.94078827,10.3156004
"[0, 0, 1, 0, 0, 0, 0, 0, 0]",c_480,0,0,1,0,0,0,0,0,0,0,0,0,0,0,0,0,0,43.10877609,19.84270287
"[0, 0, 1, 0, 0, 0, 0, 0, 0]",c_481,0,0,1,0,0,0,0,0,0,0,0,0,0,0,0,0,0,45.72980499,19.80624962
"[0, 0, 1, 0, 0, 0, 0, 0, 0]",c_482,0,0,1,0,0,0,0,0,0,0,0,0,0,0,0,0,0,65.21893311,10.48417282
"[0, 0, 1, 0, 0, 0, 0, 0, 0]",c_483,0,0,1,0,0,0,0,0,0,0,0,0,0,0,0,0,0,62.68667603,10.14702797
"[0, 0, 1, 0, 0, 0, 0, 0, 0]",c_484,0,0,1,0,0,0,0,0,0,0,0,0,0,0,0,0,0,71.40865326,10.3156004
"[0, 0, 1, 0, 0, 0, 0, 0, 0]",c_485,0,0,1,0,0,0,0,0,0,0,0,0,0,0,0,0,0,67.57435608,10.14702797
"[0, 0, 1, 0, 0, 0, 0, 0, 0]",c_486,0,0,1,0,0,0,0,0,0,0,0,0,0,0,0,0,0,76.54501343,10.3156004
"[0, 0, 1, 0, 0, 0, 0, 0, 0]",c_487,0,0,1,0,0,0,0,0,0,0,0,0,0,0,0,0,0,82.83747864,10.48417282
"[0, 0, 1, 0, 0, 0, 0, 0, 0]",c_488,0,0,1,0,0,0,0,0,0,0,0,0,0,0,0,0,0,80.27657318,10.14702797
"[0, 0, 1, 0, 0, 0, 0, 0, 0]",c_489,0,0,1,0,0,0,0,0,0,0,0,0,0,0,0,0,0,94.14923096,10.3156004
"[0, 0, 1, 0, 0, 0, 0, 0, 0]",c_490,0,0,1,0,0,0,0,0,0,0,0,0,0,0,0,0,0,89.01287842,10.3156004
"[0, 0, 1, 0, 0, 0, 0, 0, 0]",c_491,0,0,1,0,0,0,0,0,0,0,0,0,0,0,0,0,0,85.16425323,10.14702797
"[0, 0, 1, 0, 0, 0, 0, 0, 0]",c_492,0,0,1,0,0,0,0,0,0,0,0,0,0,0,0,0,0,101.4807434,10.3156004
"[0, 0, 1, 0, 0, 0, 0, 0, 0]",c_493,0,0,1,0,0,0,0,0,0,0,0,0,0,0,0,0,0,97.86647797,10.14702797
"[0, 0, 1, 0, 0, 0, 0, 0, 0]",c_494,0,0,1,0,0,0,0,0,0,0,0,0,0,0,0,0,0,42.29919434,67.55622864
"[0, 0, 1, 0, 0, 0, 0, 0, 0]",c_495,0,0,1,0,0,0,0,0,0,0,0,0,0,0,0,0,0,41.77772903,70.78616333
"[0, 0, 1, 0, 0, 0, 0, 0, 0]",c_496,0,0,1,0,0,0,0,0,0,0,0,0,0,0,0,0,0,47.66012955,70.78616333
"[0, 0, 1, 0, 0, 0, 0, 0, 0]",c_497,0,0,1,0,0,0,0,0,0,0,0,0,0,0,0,0,0,47.53275681,67.53279114
"[0, 0, 1, 0, 0, 0, 0, 0, 0]",c_498,0,0,1,0,0,0,0,0,0,0,0,0,0,0,0,0,0,45.11302185,67.15831757
"[0, 0, 1, 0, 0, 0, 0, 0, 0]",c_499,0,0,1,0,0,0,0,0,0,0,0,0,0,0,0,0,0,26.11097336,67.39266205
"[0, 0, 1, 0, 0, 0, 0, 0, 0]",c_500,0,0,1,0,0,0,0,0,0,0,0,0,0,0,0,0,0,24.80119705,68.54251099
"[0, 0, 1, 0, 0, 0, 0, 0, 0]",c_501,0,0,1,0,0,0,0,0,0,0,0,0,0,0,0,0,0,25.93755341,70.70346069
"[0, 0, 1, 0, 0, 0, 0, 0, 0]",c_502,0,0,1,0,0,0,0,0,0,0,0,0,0,0,0,0,0,32.95412827,70.78616333
"[0, 0, 1, 0, 0, 0, 0, 0, 0]",c_503,0,0,1,0,0,0,0,0,0,0,0,0,0,0,0,0,0,32.480896,67.62652588
"[0, 0, 1, 0, 0, 0, 0, 0, 0]",c_504,0,0,1,0,0,0,0,0,0,0,0,0,0,0,0,0,0,28.73490143,67.34578705
"[0, 0, 1, 0, 0, 0, 0, 0, 0]",c_505,0,0,1,0,0,0,0,0,0,0,0,0,0,0,0,0,0,40.52829361,67.20518494
"[0, 0, 1, 0, 0, 0, 0, 0, 0]",c_506,0,0,1,0,0,0,0,0,0,0,0,0,0,0,0,0,0,37.90436172,67.25205231
"[0, 0, 1, 0, 0, 0, 0, 0, 0]",c_507,0,0,1,0,0,0,0,0,0,0,0,0,0,0,0,0,0,35.28043365,67.29891968
"[0, 0, 1, 0, 0, 0, 0, 0, 0]",c_508,0,0,1,0,0,0,0,0,0,0,0,0,0,0,0,0,0,32.63246918,73.71709442
"[0, 0, 1, 0, 0, 0, 0, 0, 0]",c_509,0,0,1,0,0,0,0,0,0,0,0,0,0,0,0,0,0,41.28599548,73.70065308
"[0, 0, 1, 0, 0, 0, 0, 0, 0]",c_510,0,0,1,0,0,0,0,0,0,0,0,0,0,0,0,0,0,24.8055706,72.69900513
"[0, 0, 1, 0, 0, 0, 0, 0, 0]",c_511,0,0,1,0,0,0,0,0,0,0,0,0,0,0,0,0,0,26.19331932,73.81721497
"[0, 0, 1, 0, 0, 0, 0, 0, 0]",c_512,0,0,1,0,0,0,0,0,0,0,0,0,0,0,0,0,0,28.96444321,73.80077362
"[0, 0, 1, 0, 0, 0, 0, 0, 0]",c_513,0,0,1,0,0,0,0,0,0,0,0,0,0,0,0,0,0,49.69775391,67.11144257
"[0, 0, 1, 0, 0, 0, 0, 0, 0]",c_514,0,0,1,0,0,0,0,0,0,0,0,0,0,0,0,0,0,43.16021729,73.75144959
"[0, 0, 1, 0, 0, 0, 0, 0, 0]",c_515,0,0,1,0,0,0,0,0,0,0,0,0,0,0,0,0,0,47.97872162,73.68421936
"[0, 0, 1, 0, 0, 0, 0, 0, 0]",c_516,0,0,1,0,0,0,0,0,0,0,0,0,0,0,0,0,0,50.66326904,73.71858215
"[0, 0, 1, 0, 0, 0, 0, 0, 0]",c_517,0,0,1,0,0,0,0,0,0,0,0,0,0,0,0,0,0,53.28588486,73.67599487
"[0, 0, 1, 0, 0, 0, 0, 0, 0]",c_518,0,0,1,0,0,0,0,0,0,0,0,0,0,0,0,0,0,55.39519501,73.70214081
"[0, 0, 1, 0, 0, 0, 0, 0, 0]",c_519,0,0,1,0,0,0,0,0,0,0,0,0,0,0,0,0,0,59.97860718,73.65956116
"[0, 0, 1, 0, 0, 0, 0, 0, 0]",c_520,0,0,1,0,0,0,0,0,0,0,0,0,0,0,0,0,0,62.89824677,73.66925812
"[0, 0, 1, 0, 0, 0, 0, 0, 0]",c_521,0,0,1,0,0,0,0,0,0,0,0,0,0,0,0,0,0,73.74765778,79.59609985
"[0, 0, 1, 0, 0, 0, 0, 0, 0]",c_522,0,0,1,0,0,0,0,0,0,0,0,0,0,0,0,0,0,73.93930054,82.05536652
"[0, 0, 1, 0, 0, 0, 0, 0, 0]",c_523,0,0,1,0,0,0,0,0,0,0,0,0,0,0,0,0,0,73.74765778,84.20928192
"[0, 0, 1, 0, 0, 0, 0, 0, 0]",c_524,0,0,1,0,0,0,0,0,0,0,0,0,0,0,0,0,0,75.1764679,86.91880798
"[0, 0, 1, 0, 0, 0, 0, 0, 0]",c_525,0,0,1,0,0,0,0,0,0,0,0,0,0,0,0,0,0,106.6171036,10.3156004
"[0, 0, 1, 0, 0, 0, 0, 0, 0]",c_526,0,0,1,0,0,0,0,0,0,0,0,0,0,0,0,0,0,118.0745773,10.48417282
"[0, 0, 1, 0, 0, 0, 0, 0, 0]",c_527,0,0,1,0,0,0,0,0,0,0,0,0,0,0,0,0,0,115.4563599,10.14702797
"[0, 0, 1, 0, 0, 0, 0, 0, 0]",c_528,0,0,1,0,0,0,0,0,0,0,0,0,0,0,0,0,0,111.7534637,10.3156004
"[0, 0, 1, 0, 0, 0, 0, 0, 0]",c_529,0,0,1,0,0,0,0,0,0,0,0,0,0,0,0,0,0,124.2213287,10.3156004
"[0, 0, 1, 0, 0, 0, 0, 0, 0]",c_530,0,0,1,0,0,0,0,0,0,0,0,0,0,0,0,0,0,120.3440399,10.14702797
"[0, 0, 1, 0, 0, 0, 0, 0, 0]",c_531,0,0,1,0,0,0,0,0,0,0,0,0,0,0,0,0,0,130.9941559,12.72496319
"[0, 0, 1, 0, 0, 0, 0, 0, 0]",c_532,0,0,1,0,0,0,0,0,0,0,0,0,0,0,0,0,0,135.8961487,13.67678642
"[0, 0, 1, 0, 0, 0, 0, 0, 0]",c_533,0,0,1,0,0,0,0,0,0,0,0,0,0,0,0,0,0,136.6891937,10.3156004
"[0, 0, 1, 0, 0, 0, 0, 0, 0]",c_534,0,0,1,0,0,0,0,0,0,0,0,0,0,0,0,0,0,133.0462646,10.14702797
"[0, 0, 1, 0, 0, 0, 0, 0, 0]",c_535,0,0,1,0,0,0,0,0,0,0,0,0,0,0,0,0,0,129.3576813,10.3156004
"[0, 0, 1, 0, 0, 0, 0, 0, 0]",c_536,0,0,1,0,0,0,0,0,0,0,0,0,0,0,0,0,0,141.7785645,13.67678642
"[0, 0, 1, 0, 0, 0, 0, 0, 0]",c_537,0,0,1,0,0,0,0,0,0,0,0,0,0,0,0,0,0,141.8255463,10.3156004
"[0, 0, 1, 0, 0, 0, 0, 0, 0]",c_538,0,0,1,0,0,0,0,0,0,0,0,0,0,0,0,0,0,153.6890869,36.89851379
"[0, 0, 1, 0, 0, 0, 0, 0, 0]",c_539,0,0,1,0,0,0,0,0,0,0,0,0,0,0,0,0,0,157.943512,36.89315796
"[0, 0, 1, 0, 0, 0, 0, 0, 0]",c_540,0,0,1,0,0,0,0,0,0,0,0,0,0,0,0,0,0,159.4012604,34.93088531
"[0, 0, 1, 0, 0, 0, 0, 0, 0]",c_541,0,0,1,0,0,0,0,0,0,0,0,0,0,0,0,0,0,159.3988647,32.16472626
"[0, 0, 1, 0, 0, 0, 0, 0, 0]",c_542,0,0,1,0,0,0,0,0,0,0,0,0,0,0,0,0,0,152.7572632,30.79600143
"[0, 0, 1, 0, 0, 0, 0, 0, 0]",c_543,0,0,1,0,0,0,0,0,0,0,0,0,0,0,0,0,0,152.7572632,33.43434143
"[0, 0, 1, 0, 0, 0, 0, 0, 0]",c_544,0,0,1,0,0,0,0,0,0,0,0,0,0,0,0,0,0,153.6890869,41.73273849
"[0, 0, 1, 0, 0, 0, 0, 0, 0]",c_545,0,0,1,0,0,0,0,0,0,0,0,0,0,0,0,0,0,157.9447021,42.08353424
"[0, 0, 1, 0, 0, 0, 0, 0, 0]",c_546,0,0,1,0,0,0,0,0,0,0,0,0,0,0,0,0,0,159.403656,39.60068893
"[0, 0, 1, 0, 0, 0, 0, 0, 0]",c_547,0,0,1,0,0,0,0,0,0,0,0,0,0,0,0,0,0,153.6890869,48.54572296
"[0, 0, 1, 0, 0, 0, 0, 0, 0]",c_548,0,0,1,0,0,0,0,0,0,0,0,0,0,0,0,0,0,157.9459076,47.27390289
"[0, 0, 1, 0, 0, 0, 0, 0, 0]",c_549,0,0,1,0,0,0,0,0,0,0,0,0,0,0,0,0,0,159.4060516,44.27048874
"[0, 0, 1, 0, 0, 0, 0, 0, 0]",c_550,0,0,1,0,0,0,0,0,0,0,0,0,0,0,0,0,0,152.7572632,45.15665817
"[0, 0, 1, 0, 0, 0, 0, 0, 0]",c_551,0,0,1,0,0,0,0,0,0,0,0,0,0,0,0,0,0,159.4108276,51.70645142
"[0, 0, 1, 0, 0, 0, 0, 0, 0]",c_552,0,0,1,0,0,0,0,0,0,0,0,0,0,0,0,0,0,159.408432,48.94029999
"[0, 0, 1, 0, 0, 0, 0, 0, 0]",c_553,0,0,1,0,0,0,0,0,0,0,0,0,0,0,0,0,0,164.4877167,68.23973846
"[0, 0, 1, 0, 0, 0, 0, 0, 0]",c_554,0,0,1,0,0,0,0,0,0,0,0,0,0,0,0,0,0,164.247345,70.24221802
"[0, 0, 1, 0, 0, 0, 0, 0, 0]",c_555,0,0,1,0,0,0,0,0,0,0,0,0,0,0,0,0,0,167.3063812,71.49459839
"[0, 0, 1, 0, 0, 0, 0, 0, 0]",c_556,0,0,1,0,0,0,0,0,0,0,0,0,0,0,0,0,0,170.941925,70.62560272
"[0, 0, 1, 0, 0, 0, 0, 0, 0]",c_557,0,0,1,0,0,0,0,0,0,0,0,0,0,0,0,0,0,171.7405243,68.24699402
"[0, 0, 1, 0, 0, 0, 0, 0, 0]",c_558,0,0,1,0,0,0,0,0,0,0,0,0,0,0,0,0,0,169.2451019,67.551651
"[0, 0, 1, 0, 0, 0, 0, 0, 0]",c_559,0,0,1,0,0,0,0,0,0,0,0,0,0,0,0,0,0,166.5367126,67.54439545
"[0, 0, 1, 0, 0, 0, 0, 0, 0]",c_560,0,0,1,0,0,0,0,0,0,0,0,0,0,0,0,0,0,224.3462219,66.55254364
"[0, 0, 1, 0, 0, 0, 0, 0, 0]",c_561,0,0,1,0,0,0,0,0,0,0,0,0,0,0,0,0,0,222.5284424,68.2905426
"[0, 0, 1, 0, 0, 0, 0, 0, 0]",c_562,0,0,1,0,0,0,0,0,0,0,0,0,0,0,0,0,0,222.1970978,71.46903992
"[0, 0, 1, 0, 0, 0, 0, 0, 0]",c_563,0,0,1,0,0,0,0,0,0,0,0,0,0,0,0,0,0,225.5922852,72.31248474
"[0, 0, 1, 0, 0, 0, 0, 0, 0]",c_564,0,0,1,0,0,0,0,0,0,0,0,0,0,0,0,0,0,228.9898376,71.46903992
"[0, 0, 1, 0, 0, 0, 0, 0, 0]",c_565,0,0,1,0,0,0,0,0,0,0,0,0,0,0,0,0,0,228.3236694,66.33171844
"[0, 0, 1, 0, 0, 0, 0, 0, 0]",c_566,0,0,1,0,0,0,0,0,0,0,0,0,0,0,0,0,0,227.6704102,61.19439697
"[0, 0, 1, 0, 0, 0, 0, 0, 0]",c_567,0,0,1,0,0,0,0,0,0,0,0,0,0,0,0,0,0,224.2214355,61.2765274
"[0, 0, 1, 0, 0, 0, 0, 0, 0]",c_568,0,0,1,0,0,0,0,0,0,0,0,0,0,0,0,0,0,223.071991,63.12766647
"[0, 0, 1, 0, 0, 0, 0, 0, 0]",c_569,0,0,1,0,0,0,0,0,0,0,0,0,0,0,0,0,0,223.0875854,64.97880554
"[0, 0, 1, 0, 0, 0, 0, 0, 0]",c_570,0,0,1,0,0,0,0,0,0,0,0,0,0,0,0,0,0,232.8315125,71.0345459
"[0, 0, 1, 0, 0, 0, 0, 0, 0]",c_571,0,0,1,0,0,0,0,0,0,0,0,0,0,0,0,0,0,234.1868591,68.47866058
"[0, 0, 1, 0, 0, 0, 0, 0, 0]",c_572,0,0,1,0,0,0,0,0,0,0,0,0,0,0,0,0,0,232.6185913,66.33171844
"[0, 0, 1, 0, 0, 0, 0, 0, 0]",c_573,0,0,1,0,0,0,0,0,0,0,0,0,0,0,0,0,0,234.1868591,64.18478394
"[0, 0, 1, 0, 0, 0, 0, 0, 0]",c_574,0,0,1,0,0,0,0,0,0,0,0,0,0,0,0,0,0,233.0218201,61.62889862
"[0, 0, 1, 0, 0, 0, 0, 0, 0]",c_575,0,0,1,0,0,0,0,0,0,0,0,0,0,0,0,0,0,230.6916809,60.35095978
"[0, 0, 1, 0, 0, 0, 0, 0, 0]",c_576,0,0,1,0,0,0,0,0,0,0,0,0,0,0,0,0,0,164.4230042,72.77253723
"[0, 0, 1, 0, 0, 0, 0, 0, 0]",c_577,0,0,1,0,0,0,0,0,0,0,0,0,0,0,0,0,0,167.6467133,73.18148041
"[0, 0, 1, 0, 0, 0, 0, 0, 0]",c_578,0,0,1,0,0,0,0,0,0,0,0,0,0,0,0,0,0,162.9194489,67.53713226
"[0, 0, 1, 0, 0, 0, 0, 0, 0]",c_579,0,0,1,0,0,0,0,0,0,0,0,0,0,0,0,0,0,161.5654144,68.7282486
"[0, 0, 1, 0, 0, 0, 0, 0, 0]",c_580,0,0,1,0,0,0,0,0,0,0,0,0,0,0,0,0,0,162.224823,70.29985809
"[0, 0, 1, 0, 0, 0, 0, 0, 0]",c_581,0,0,1,0,0,0,0,0,0,0,0,0,0,0,0,0,0,161.5657806,71.98674011
"[0, 0, 1, 0, 0, 0, 0, 0, 0]",c_582,0,0,1,0,0,0,0,0,0,0,0,0,0,0,0,0,0,162.118866,73.18148041
"[0, 0, 1, 0, 0, 0, 0, 0, 0]",c_583,0,0,1,0,0,0,0,0,0,0,0,0,0,0,0,0,0,176.7037048,72.31248474
"[0, 0, 1, 0, 0, 0, 0, 0, 0]",c_584,0,0,1,0,0,0,0,0,0,0,0,0,0,0,0,0,0,179.1059418,70.62560272
"[0, 0, 1, 0, 0, 0, 0, 0, 0]",c_585,0,0,1,0,0,0,0,0,0,0,0,0,0,0,0,0,0,179.9022064,68.2542572
"[0, 0, 1, 0, 0, 0, 0, 0, 0]",c_586,0,0,1,0,0,0,0,0,0,0,0,0,0,0,0,0,0,178.2974091,67.56616211
"[0, 0, 1, 0, 0, 0, 0, 0, 0]",c_587,0,0,1,0,0,0,0,0,0,0,0,0,0,0,0,0,0,175.589035,67.55891418
"[0, 0, 1, 0, 0, 0, 0, 0, 0]",c_588,0,0,1,0,0,0,0,0,0,0,0,0,0,0,0,0,0,173.992981,72.31248474
"[0, 0, 1, 0, 0, 0, 0, 0, 0]",c_589,0,0,1,0,0,0,0,0,0,0,0,0,0,0,0,0,0,189.5728455,71.46903992
"[0, 0, 1, 0, 0, 0, 0, 0, 0]",c_590,0,0,1,0,0,0,0,0,0,0,0,0,0,0,0,0,0,189.8816834,68.26151276
"[0, 0, 1, 0, 0, 0, 0, 0, 0]",c_591,0,0,1,0,0,0,0,0,0,0,0,0,0,0,0,0,0,187.3497314,67.58068085
"[0, 0, 1, 0, 0, 0, 0, 0, 0]",c_592,0,0,1,0,0,0,0,0,0,0,0,0,0,0,0,0,0,184.8919373,68.25788879
"[0, 0, 1, 0, 0, 0, 0, 0, 0]",c_593,0,0,1,0,0,0,0,0,0,0,0,0,0,0,0,0,0,184.8131561,71.46903992
"[0, 0, 1, 0, 0, 0, 0, 0, 0]",c_594,0,0,1,0,0,0,0,0,0,0,0,0,0,0,0,0,0,182.8235779,67.57342529
"[0, 0, 1, 0, 0, 0, 0, 0, 0]",c_595,0,0,1,0,0,0,0,0,0,0,0,0,0,0,0,0,0,181.2322083,72.31248474
"[0, 0, 1, 0, 0, 0, 0, 0, 0]",c_596,0,0,1,0,0,0,0,0,0,0,0,0,0,0,0,0,0,195.4340057,70.62560272
"[0, 0, 1, 0, 0, 0, 0, 0, 0]",c_597,0,0,1,0,0,0,0,0,0,0,0,0,0,0,0,0,0,196.2255859,68.26876831
"[0, 0, 1, 0, 0, 0, 0, 0, 0]",c_598,0,0,1,0,0,0,0,0,0,0,0,0,0,0,0,0,0,194.5842743,67.59519959
"[0, 0, 1, 0, 0, 0, 0, 0, 0]",c_599,0,0,1,0,0,0,0,0,0,0,0,0,0,0,0,0,0,191.875885,67.58794403
"[0, 0, 1, 0, 0, 0, 0, 0, 0]",c_600,0,0,1,0,0,0,0,0,0,0,0,0,0,0,0,0,0,192.9999084,72.31248474
"[0, 0, 1, 0, 0, 0, 0, 0, 0]",c_601,0,0,1,0,0,0,0,0,0,0,0,0,0,0,0,0,0,201.1252747,71.46903992
"[0, 0, 1, 0, 0, 0, 0, 0, 0]",c_602,0,0,1,0,0,0,0,0,0,0,0,0,0,0,0,0,0,201.215332,68.2723999
"[0, 0, 1, 0, 0, 0, 0, 0, 0]",c_603,0,0,1,0,0,0,0,0,0,0,0,0,0,0,0,0,0,199.1104126,67.60244751
"[0, 0, 1, 0, 0, 0, 0, 0, 0]",c_604,0,0,1,0,0,0,0,0,0,0,0,0,0,0,0,0,0,197.5283813,72.31248474
"[0, 0, 1, 0, 0, 0, 0, 0, 0]",c_605,0,0,1,0,0,0,0,0,0,0,0,0,0,0,0,0,0,205.8849792,71.46903992
"[0, 0, 1, 0, 0, 0, 0, 0, 0]",c_606,0,0,1,0,0,0,0,0,0,0,0,0,0,0,0,0,0,206.2050629,68.27602386
"[0, 0, 1, 0, 0, 0, 0, 0, 0]",c_607,0,0,1,0,0,0,0,0,0,0,0,0,0,0,0,0,0,203.6365814,67.60971069
"[0, 0, 1, 0, 0, 0, 0, 0, 0]",c_608,0,0,1,0,0,0,0,0,0,0,0,0,0,0,0,0,0,209.2961121,72.31248474
"[0, 0, 1, 0, 0, 0, 0, 0, 0]",c_609,0,0,1,0,0,0,0,0,0,0,0,0,0,0,0,0,0,211.7620544,70.62560272
"[0, 0, 1, 0, 0, 0, 0, 0, 0]",c_610,0,0,1,0,0,0,0,0,0,0,0,0,0,0,0,0,0,212.548996,68.28328705
"[0, 0, 1, 0, 0, 0, 0, 0, 0]",c_611,0,0,1,0,0,0,0,0,0,0,0,0,0,0,0,0,0,210.8711395,67.6242218
"[0, 0, 1, 0, 0, 0, 0, 0, 0]",c_612,0,0,1,0,0,0,0,0,0,0,0,0,0,0,0,0,0,208.1627502,67.61696625
"[0, 0, 1, 0, 0, 0, 0, 0, 0]",c_613,0,0,1,0,0,0,0,0,0,0,0,0,0,0,0,0,0,213.824585,72.31248474
"[0, 0, 1, 0, 0, 0, 0, 0, 0]",c_614,0,0,1,0,0,0,0,0,0,0,0,0,0,0,0,0,0,217.4374084,71.46903992
"[0, 0, 1, 0, 0, 0, 0, 0, 0]",c_615,0,0,1,0,0,0,0,0,0,0,0,0,0,0,0,0,0,217.5387268,68.28691864
"[0, 0, 1, 0, 0, 0, 0, 0, 0]",c_616,0,0,1,0,0,0,0,0,0,0,0,0,0,0,0,0,0,215.3972778,67.63148499
"[0, 0, 1, 0, 0, 0, 0, 0, 0]",c_617,0,0,1,0,0,0,0,0,0,0,0,0,0,0,0,0,0,219.9234467,67.63874817
"[0, 0, 1, 0, 0, 0, 0, 0, 0]",c_618,0,0,1,0,0,0,0,0,0,0,0,0,0,0,0,0,0,172.9829865,59.63336563
"[0, 0, 1, 0, 0, 0, 0, 0, 0]",c_619,0,0,1,0,0,0,0,0,0,0,0,0,0,0,0,0,0,172.9829865,54.93903351
"[0, 0, 1, 0, 0, 0, 0, 0, 0]",c_620,0,0,1,0,0,0,0,0,0,0,0,0,0,0,0,0,0,178.9227295,54.93903351
"[0, 0, 1, 0, 0, 0, 0, 0, 0]",c_621,0,0,1,0,0,0,0,0,0,0,0,0,0,0,0,0,0,178.9227295,59.63336563
"[0, 0, 1, 0, 0, 0, 0, 0, 0]",c_622,0,0,1,0,0,0,0,0,0,0,0,0,0,0,0,0,0,172.9829865,64.32769775
"[0, 0, 1, 0, 0, 0, 0, 0, 0]",c_623,0,0,1,0,0,0,0,0,0,0,0,0,0,0,0,0,0,178.9227295,64.32769775
"[0, 0, 1, 0, 0, 0, 0, 0, 0]",c_624,0,0,1,0,0,0,0,0,0,0,0,0,0,0,0,0,0,184.8624573,54.93903351
"[0, 0, 1, 0, 0, 0, 0, 0, 0]",c_625,0,0,1,0,0,0,0,0,0,0,0,0,0,0,0,0,0,184.8624573,59.63336563
"[0, 0, 1, 0, 0, 0, 0, 0, 0]",c_626,0,0,1,0,0,0,0,0,0,0,0,0,0,0,0,0,0,184.8624573,64.32769775
"[0, 0, 0, 1, 0, 0, 0, 0, 0]",u_0,0,0,0,1,0,0,0,0,0,0,0,0,9,78,7.741,0,0,0,0
"[0, 0, 0, 1, 0, 0, 0, 0, 0]",u_1,0,0,0,1,0,0,0,0,0,0,0,0,9,78,4.251,0,0,0,0
"[0, 0, 0, 1, 0, 0, 0, 0, 0]",u_2,0,0,0,1,0,0,0,0,0,0,0,0,0,0,0,0,0,0,0
"[0, 0, 0, 1, 0, 0, 0, 0, 0]",u_3,0,0,0,1,0,0,0,0,0,0,0,0,0,0,0,0,0,0,0
"[0, 0, 0, 1, 0, 0, 0, 0, 0]",u_4,0,0,0,1,0,0,0,0,0,0,0,0,0,0,0,0,0,0,0
"[0, 0, 0, 1, 0, 0, 0, 0, 0]",u_5,0,0,0,1,0,0,0,0,0,0,0,0,0,0,0,0,0,0,0
"[0, 0, 0, 1, 0, 0, 0, 0, 0]",u_6,0,0,0,1,0,0,0,0,0,0,0,0,0,0,0,0,0,0,0
"[0, 0, 0, 1, 0, 0, 0, 0, 0]",u_7,0,0,0,1,0,0,0,0,0,0,0,0,0,0,0,0,0,0,0
"[0, 0, 0, 1, 0, 0, 0, 0, 0]",u_8,0,0,0,1,0,0,0,0,0,0,0,0,0,0,0,0,0,0,0
"[0, 0, 0, 1, 0, 0, 0, 0, 0]",u_9,0,0,0,1,0,0,0,0,0,0,0,0,0,0,0,0,0,0,0
"[0, 0, 0, 0, 1, 0, 0, 0, 0]",u_10,0,0,0,1,0,0,0,0,0,0,0,0,0,0,0,0,0,0,0
"[0, 0, 0, 0, 1, 0, 0, 0, 0]",u_11,0,0,0,1,0,0,0,0,0,0,0,0,0,0,0,0,0,0,0
"[0, 0, 0, 0, 1, 0, 0, 0, 0]",u_12,0,0,0,1,0,0,0,0,0,0,0,0,0,0,0,0,0,0,0
"[0, 0, 0, 0, 1, 0, 0, 0, 0]",u_13,0,0,0,1,0,0,0,0,0,0,0,0,0,0,0,0,0,0,0
"[0, 0, 0, 0, 1, 0, 0, 0, 0]",u_14,0,0,0,1,0,0,0,0,0,0,0,0,0,0,0,0,0,0,0
"[0, 0, 0, 0, 1, 0, 0, 0, 0]",u_15,0,0,0,1,0,0,0,0,0,0,0,0,0,0,0,0,0,0,0
"[0, 0, 0, 0, 1, 0, 0, 0, 0]",u_16,0,0,0,1,0,0,0,0,0,0,0,0,0,0,0,0,0,0,0
"[0, 0, 0, 0, 1, 0, 0, 0, 0]",u_17,0,0,0,1,0,0,0,0,0,0,0,0,0,0,0,0,0,0,0
"[0, 0, 0, 0, 1, 0, 0, 0, 0]",u_18,0,0,0,1,0,0,0,0,0,0,0,0,0,0,0,0,0,0,0
"[0, 0, 0, 0, 1, 0, 0, 0, 0]",u_19,0,0,0,1,0,0,0,0,0,0,0,0,0,0,0,0,0,0,0
"[0, 0, 0, 0, 0, 1, 0, 0, 0]",u_20,0,0,0,1,0,0,0,0,0,0,0,0,0,0,0,0,0,0,0
"[0, 0, 0, 0, 0, 1, 0, 0, 0]",u_21,0,0,0,1,0,0,0,0,0,0,0,0,0,0,0,0,0,0,0
"[0, 0, 0, 0, 0, 1, 0, 0, 0]",u_22,0,0,0,1,0,0,0,0,0,0,0,0,0,0,0,0,0,0,0
"[0, 0, 0, 0, 0, 1, 0, 0, 0]",u_23,0,0,0,1,0,0,0,0,0,0,0,0,0,0,0,0,0,0,0
"[0, 0, 0, 0, 0, 1, 0, 0, 0]",u_24,0,0,0,1,0,0,0,0,0,0,0,0,0,0,0,0,0,0,0
"[0, 0, 0, 0, 0, 1, 0, 0, 0]",u_25,0,0,0,1,0,0,0,0,0,0,0,0,0,0,0,0,0,0,0
"[0, 0, 0, 0, 0, 1, 0, 0, 0]",u_26,0,0,0,1,0,0,0,0,0,0,0,0,0,0,0,0,0,0,0
"[0, 0, 0, 0, 0, 1, 0, 0, 0]",u_27,0,0,0,1,0,0,0,0,0,0,0,0,0,0,0,0,0,0,0
"[0, 0, 0, 0, 0, 1, 0, 0, 0]",u_28,0,0,0,1,0,0,0,0,0,0,0,0,0,0,0,0,0,0,0
"[0, 0, 0, 0, 0, 1, 0, 0, 0]",u_29,0,0,0,1,0,0,0,0,0,0,0,0,0,0,0,0,0,0,0
"[0, 0, 0, 0, 0, 0, 1, 0, 0]",f_0,0,0,0,0,1,0,0,0,0,0,0,0,0,0,0,0,0,185.7909269,46.80304323
"[0, 0, 0, 0, 0, 0, 1, 0, 0]",f_1,0,0,0,0,1,0,0,0,0,0,0,0,0,0,0,0,0,175.0656077,46.80304323
"[0, 0, 0, 0, 0, 0, 1, 0, 0]",f_2,0,0,0,0,1,0,0,0,0,0,0,0,0,0,0,0,0,175.0656077,33.02041768
"[0, 0, 0, 0, 0, 0, 1, 0, 0]",f_3,0,0,0,0,1,0,0,0,0,0,0,0,0,0,0,0,0,185.7909269,33.02041768
"[0, 0, 0, 0, 0, 0, 1, 0, 0]",f_4,0,0,0,0,1,0,0,0,0,0,0,0,0,0,0,0,0,185.7909269,20.17673709
"[0, 0, 0, 0, 0, 0, 1, 0, 0]",f_5,0,0,0,0,1,0,0,0,0,0,0,0,0,0,0,0,0,175.0656077,20.17673709
"[0, 0, 0, 0, 0, 0, 1, 0, 0]",f_6,0,0,0,0,1,0,0,0,0,0,0,0,0,0,0,0,0,140.2552141,33.02041768
"[0, 0, 0, 0, 0, 0, 1, 0, 0]",f_7,0,0,0,0,1,0,0,0,0,0,0,0,0,0,0,0,0,129.5298948,33.02041768
"[0, 0, 0, 0, 0, 0, 1, 0, 0]",f_8,0,0,0,0,1,0,0,0,0,0,0,0,0,0,0,0,0,88.70263854,42.09983188
"[0, 0, 0, 0, 0, 0, 0, 1, 0]",fa_0,0,0,0,0,0,1,0,0,0,0,0,0,0,0,0,0,0,185.7909269,46.80304323
"[0, 0, 0, 0, 0, 0, 0, 1, 0]",fa_1,0,0,0,0,0,1,0,0,0,0,0,0,0,0,0,0,0,175.0656077,46.80304323
"[0, 0, 0, 0, 0, 0, 0, 1, 0]",fa_2,0,0,0,0,0,1,0,0,0,0,0,0,0,0,0,0,0,175.0656077,33.02041768
"[0, 0, 0, 0, 0, 0, 0, 1, 0]",fa_3,0,0,0,0,0,1,0,0,0,0,0,0,0,0,0,0,0,185.7909269,33.02041768
"[0, 0, 0, 0, 0, 0, 0, 1, 0]",fa_4,0,0,0,0,0,1,0,0,0,0,0,0,0,0,0,0,0,185.7909269,20.17673709
"[0, 0, 0, 0, 0, 0, 0, 1, 0]",fa_5,0,0,0,0,0,1,0,0,0,0,0,0,0,0,0,0,0,175.0656077,20.17673709
"[0, 0, 0, 0, 0, 0, 0, 1, 0]",fa_6,0,0,0,0,0,1,0,0,0,0,0,0,0,0,0,0,0,140.2552141,33.02041768
"[0, 0, 0, 0, 0, 0, 0, 1, 0]",fa_7,0,0,0,0,0,1,0,0,0,0,0,0,0,0,0,0,0,129.5298948,33.02041768
"[0, 0, 0, 0, 0, 0, 0, 1, 0]",fa_8,0,0,0,0,0,1,0,0,0,0,0,0,0,0,0,0,0,88.70263854,42.09983188